101.1960686039883
101.1960686039883
101.1960686039883
101.1960686039883
101.1960686039883
101.1960686039883
101.1960686039883
101.1960686039883
101.1960686039883
101.1960686039883
54.60288738544868
54.60288738544868
54.60288738544868
54.60288738544868
54.60288738544868
54.60288738544868
54.60288738544868
54.60288738544868
54.60288738544868
54.60288738544868
63.55331774545912
63.55331774545912
63.55331774545912
63.55331774545912
63.55331774545912
63.55331774545912
63.55331774545912
63.55331774545912
63.55331774545912
63.55331774545912
63.955897702635646
63.955897702635646
63.955897702635646
63.955897702635646
63.955897702635646
63.955897702635646
63.955897702635646
63.955897702635646
63.955897702635646
63.955897702635646
63.60819283124537
63.60819283124537
63.60819283124537
63.60819283124537
63.60819283124537
63.60819283124537
63.60819283124537
63.60819283124537
63.60819283124537
63.60819283124537
54.84823014744948
54.84823014744948
54.84823014744948
54.84823014744948
54.84823014744948
54.84823014744948
54.84823014744948
54.84823014744948
54.84823014744948
54.84823014744948
54.69099529985395
54.69099529985395
54.69099529985395
54.69099529985395
54.69099529985395
54.69099529985395
54.69099529985395
54.69099529985395
54.69099529985395
54.69099529985395
54.68521155373528
54.68521155373528
54.68521155373528
54.68521155373528
54.68521155373528
54.68521155373528
54.68521155373528
54.68521155373528
54.68521155373528
54.68521155373528
54.60169723712646
54.60169723712646
54.60169723712646
54.60169723712646
54.60169723712646
54.60169723712646
54.60169723712646
54.60169723712646
54.60169723712646
54.60169723712646
64.05330153818252
64.05330153818252
64.05330153818252
64.05330153818252
64.05330153818252
64.05330153818252
64.05330153818252
64.05330153818252
64.05330153818252
64.05330153818252
54.83901739969339
54.83901739969339
54.83901739969339
54.83901739969339
54.83901739969339
54.83901739969339
54.83901739969339
54.83901739969339
54.83901739969339
54.83901739969339
63.44173664180105
63.44173664180105
63.44173664180105
63.44173664180105
63.44173664180105
63.44173664180105
63.44173664180105
63.44173664180105
63.44173664180105
63.44173664180105
63.33144721648435
63.33144721648435
63.33144721648435
63.33144721648435
63.33144721648435
63.33144721648435
63.33144721648435
63.33144721648435
63.33144721648435
63.33144721648435
64.16789741574101
64.16789741574101
64.16789741574101
64.16789741574101
64.16789741574101
64.16789741574101
64.16789741574101
64.16789741574101
64.16789741574101
64.16789741574101
101.08223975777281
101.08223975777281
101.08223975777281
101.08223975777281
101.08223975777281
101.08223975777281
101.08223975777281
101.08223975777281
101.08223975777281
101.08223975777281
63.62648426527876
63.62648426527876
63.62648426527876
63.62648426527876
63.62648426527876
63.62648426527876
63.62648426527876
63.62648426527876
63.62648426527876
63.62648426527876
110.68929228266967
110.68929228266967
110.68929228266967
110.68929228266967
110.68929228266967
110.68929228266967
110.68929228266967
110.68929228266967
110.68929228266967
110.68929228266967
129.47451366352178
129.47451366352178
129.47451366352178
129.47451366352178
129.47451366352178
129.47451366352178
129.47451366352178
129.47451366352178
129.47451366352178
129.47451366352178
101.60993656427628
101.60993656427628
101.60993656427628
101.60993656427628
101.60993656427628
101.60993656427628
101.60993656427628
101.60993656427628
101.60993656427628
101.60993656427628
120.31139847621567
120.31139847621567
120.31139847621567
120.31139847621567
120.31139847621567
120.31139847621567
120.31139847621567
120.31139847621567
120.31139847621567
120.31139847621567
101.59880996587178
101.59880996587178
101.59880996587178
101.59880996587178
101.59880996587178
101.59880996587178
101.59880996587178
101.59880996587178
101.59880996587178
101.59880996587178
101.05188615545794
101.05188615545794
101.05188615545794
101.05188615545794
101.05188615545794
101.05188615545794
101.05188615545794
101.05188615545794
101.05188615545794
101.05188615545794
91.28968235960353
91.28968235960353
91.28968235960353
91.28968235960353
91.28968235960353
91.28968235960353
91.28968235960353
91.28968235960353
91.28968235960353
91.28968235960353
82.72749393985444
82.72749393985444
82.72749393985444
82.72749393985444
82.72749393985444
82.72749393985444
82.72749393985444
82.72749393985444
82.72749393985444
82.72749393985444
91.6585320066936
91.6585320066936
91.6585320066936
91.6585320066936
91.6585320066936
91.6585320066936
91.6585320066936
91.6585320066936
91.6585320066936
91.6585320066936
91.94883953341484
91.94883953341484
91.94883953341484
91.94883953341484
91.94883953341484
91.94883953341484
91.94883953341484
91.94883953341484
91.94883953341484
91.94883953341484
73.4613859970079
73.4613859970079
73.4613859970079
73.4613859970079
73.4613859970079
73.4613859970079
73.4613859970079
73.4613859970079
73.4613859970079
73.4613859970079
73.11168381213314
73.11168381213314
73.11168381213314
73.11168381213314
73.11168381213314
73.11168381213314
73.11168381213314
73.11168381213314
73.11168381213314
73.11168381213314
82.94845566643403
82.94845566643403
82.94845566643403
82.94845566643403
82.94845566643403
82.94845566643403
82.94845566643403
82.94845566643403
82.94845566643403
82.94845566643403
82.80225330065863
82.80225330065863
82.80225330065863
82.80225330065863
82.80225330065863
82.80225330065863
82.80225330065863
82.80225330065863
82.80225330065863
82.80225330065863
82.18638774274183
82.18638774274183
82.18638774274183
82.18638774274183
82.18638774274183
82.18638774274183
82.18638774274183
82.18638774274183
82.18638774274183
82.18638774274183
101.19923443403343
101.19923443403343
101.19923443403343
101.19923443403343
101.19923443403343
101.19923443403343
101.19923443403343
101.19923443403343
101.19923443403343
101.19923443403343
82.75592952216081
82.75592952216081
82.75592952216081
82.75592952216081
82.75592952216081
82.75592952216081
82.75592952216081
82.75592952216081
82.75592952216081
82.75592952216081
101.52532388480068
101.52532388480068
101.52532388480068
101.52532388480068
101.52532388480068
101.52532388480068
101.52532388480068
101.52532388480068
101.52532388480068
101.52532388480068
92.23849252405357
92.23849252405357
92.23849252405357
92.23849252405357
92.23849252405357
92.23849252405357
92.23849252405357
92.23849252405357
92.23849252405357
92.23849252405357
91.99227563120769
91.99227563120769
91.99227563120769
91.99227563120769
91.99227563120769
91.99227563120769
91.99227563120769
91.99227563120769
91.99227563120769
91.99227563120769
72.99448786974702
72.99448786974702
72.99448786974702
72.99448786974702
72.99448786974702
72.99448786974702
72.99448786974702
72.99448786974702
72.99448786974702
72.99448786974702
176.2504934700439
176.2504934700439
176.2504934700439
176.2504934700439
176.2504934700439
176.2504934700439
176.2504934700439
176.2504934700439
176.2504934700439
176.2504934700439
100.8309200026248
100.8309200026248
100.8309200026248
100.8309200026248
100.8309200026248
100.8309200026248
100.8309200026248
100.8309200026248
100.8309200026248
100.8309200026248
138.75478987714655
138.75478987714655
138.75478987714655
138.75478987714655
138.75478987714655
138.75478987714655
138.75478987714655
138.75478987714655
138.75478987714655
138.75478987714655
91.79173407375805
91.79173407375805
91.79173407375805
91.79173407375805
91.79173407375805
91.79173407375805
91.79173407375805
91.79173407375805
91.79173407375805
91.79173407375805
91.44361235647766
91.44361235647766
91.44361235647766
91.44361235647766
91.44361235647766
91.44361235647766
91.44361235647766
91.44361235647766
91.44361235647766
91.44361235647766
82.44156141919913
82.44156141919913
82.44156141919913
82.44156141919913
82.44156141919913
82.44156141919913
82.44156141919913
82.44156141919913
82.44156141919913
82.44156141919913
54.23731723565931
54.23731723565931
54.23731723565931
54.23731723565931
54.23731723565931
54.23731723565931
54.23731723565931
54.23731723565931
54.23731723565931
54.23731723565931
54.56158386355622
54.56158386355622
54.56158386355622
54.56158386355622
54.56158386355622
54.56158386355622
54.56158386355622
54.56158386355622
54.56158386355622
54.56158386355622
64.20532634030349
64.20532634030349
64.20532634030349
64.20532634030349
64.20532634030349
64.20532634030349
64.20532634030349
64.20532634030349
64.20532634030349
64.20532634030349
64.06978129164311
64.06978129164311
64.06978129164311
64.06978129164311
64.06978129164311
64.06978129164311
64.06978129164311
64.06978129164311
64.06978129164311
64.06978129164311
91.78568027480205
91.78568027480205
91.78568027480205
91.78568027480205
91.78568027480205
91.78568027480205
91.78568027480205
91.78568027480205
91.78568027480205
91.78568027480205
73.73874181832558
73.73874181832558
73.73874181832558
73.73874181832558
73.73874181832558
73.73874181832558
73.73874181832558
73.73874181832558
73.73874181832558
73.73874181832558
73.43794603781728
73.43794603781728
73.43794603781728
73.43794603781728
73.43794603781728
73.43794603781728
73.43794603781728
73.43794603781728
73.43794603781728
73.43794603781728
92.31980917557628
92.31980917557628
92.31980917557628
92.31980917557628
92.31980917557628
92.31980917557628
92.31980917557628
92.31980917557628
92.31980917557628
92.31980917557628
92.10303200161322
92.10303200161322
92.10303200161322
92.10303200161322
92.10303200161322
92.10303200161322
92.10303200161322
92.10303200161322
92.10303200161322
92.10303200161322
83.19458962963168
83.19458962963168
83.19458962963168
83.19458962963168
83.19458962963168
83.19458962963168
83.19458962963168
83.19458962963168
83.19458962963168
83.19458962963168
129.76926164453357
129.76926164453357
129.76926164453357
129.76926164453357
129.76926164453357
129.76926164453357
129.76926164453357
129.76926164453357
129.76926164453357
129.76926164453357
92.67311145864697
92.67311145864697
92.67311145864697
92.67311145864697
92.67311145864697
92.67311145864697
92.67311145864697
92.67311145864697
92.67311145864697
92.67311145864697
176.71264648197916
176.71264648197916
176.71264648197916
176.71264648197916
176.71264648197916
176.71264648197916
176.71264648197916
176.71264648197916
176.71264648197916
176.71264648197916
111.20861336909836
111.20861336909836
111.20861336909836
111.20861336909836
111.20861336909836
111.20861336909836
111.20861336909836
111.20861336909836
111.20861336909836
111.20861336909836
185.92310708537244
185.92310708537244
185.92310708537244
185.92310708537244
185.92310708537244
185.92310708537244
185.92310708537244
185.92310708537244
185.92310708537244
185.92310708537244
176.51713154140668
176.51713154140668
176.51713154140668
176.51713154140668
176.51713154140668
176.51713154140668
176.51713154140668
176.51713154140668
176.51713154140668
176.51713154140668
120.36517970344991
120.36517970344991
120.36517970344991
120.36517970344991
120.36517970344991
120.36517970344991
120.36517970344991
120.36517970344991
120.36517970344991
120.36517970344991
185.07308601315816
185.07308601315816
185.07308601315816
185.07308601315816
185.07308601315816
185.07308601315816
185.07308601315816
185.07308601315816
185.07308601315816
185.07308601315816
148.29346392775108
148.29346392775108
148.29346392775108
148.29346392775108
148.29346392775108
148.29346392775108
148.29346392775108
148.29346392775108
148.29346392775108
148.29346392775108
213.25680371365897
213.25680371365897
213.25680371365897
213.25680371365897
213.25680371365897
213.25680371365897
213.25680371365897
213.25680371365897
213.25680371365897
213.25680371365897
185.43591003951246
185.43591003951246
185.43591003951246
185.43591003951246
185.43591003951246
185.43591003951246
185.43591003951246
185.43591003951246
185.43591003951246
185.43591003951246
138.81163023561882
138.81163023561882
138.81163023561882
138.81163023561882
138.81163023561882
138.81163023561882
138.81163023561882
138.81163023561882
138.81163023561882
138.81163023561882
101.50961529250742
101.50961529250742
101.50961529250742
101.50961529250742
101.50961529250742
101.50961529250742
101.50961529250742
101.50961529250742
101.50961529250742
101.50961529250742
166.80799202323456
166.80799202323456
166.80799202323456
166.80799202323456
166.80799202323456
166.80799202323456
166.80799202323456
166.80799202323456
166.80799202323456
166.80799202323456
138.63089846573018
138.63089846573018
138.63089846573018
138.63089846573018
138.63089846573018
138.63089846573018
138.63089846573018
138.63089846573018
138.63089846573018
138.63089846573018
278.9802988100936
278.9802988100936
278.9802988100936
278.9802988100936
278.9802988100936
278.9802988100936
278.9802988100936
278.9802988100936
278.9802988100936
278.9802988100936
362.64579276697214
362.64579276697214
362.64579276697214
362.64579276697214
362.64579276697214
362.64579276697214
362.64579276697214
362.64579276697214
362.64579276697214
362.64579276697214
251.01629689559203
251.01629689559203
251.01629689559203
251.01629689559203
251.01629689559203
251.01629689559203
251.01629689559203
251.01629689559203
251.01629689559203
251.01629689559203
221.43963246636145
221.43963246636145
221.43963246636145
221.43963246636145
221.43963246636145
221.43963246636145
221.43963246636145
221.43963246636145
221.43963246636145
221.43963246636145
306.29436554400934
306.29436554400934
306.29436554400934
306.29436554400934
306.29436554400934
306.29436554400934
306.29436554400934
306.29436554400934
306.29436554400934
306.29436554400934
287.9439341413079
287.9439341413079
287.9439341413079
287.9439341413079
287.9439341413079
287.9439341413079
287.9439341413079
287.9439341413079
287.9439341413079
287.9439341413079
325.4359584404058
325.4359584404058
325.4359584404058
325.4359584404058
325.4359584404058
325.4359584404058
325.4359584404058
325.4359584404058
325.4359584404058
325.4359584404058
269.68562690001147
269.68562690001147
269.68562690001147
269.68562690001147
269.68562690001147
269.68562690001147
269.68562690001147
269.68562690001147
269.68562690001147
269.68562690001147
391.0644475213183
391.0644475213183
391.0644475213183
391.0644475213183
391.0644475213183
391.0644475213183
391.0644475213183
391.0644475213183
391.0644475213183
391.0644475213183
334.59222905684004
334.59222905684004
334.59222905684004
334.59222905684004
334.59222905684004
334.59222905684004
334.59222905684004
334.59222905684004
334.59222905684004
334.59222905684004
334.9645002921238
334.9645002921238
334.9645002921238
334.9645002921238
334.9645002921238
334.9645002921238
334.9645002921238
334.9645002921238
334.9645002921238
334.9645002921238
437.74644665595224
437.74644665595224
437.74644665595224
437.74644665595224
437.74644665595224
437.74644665595224
437.74644665595224
437.74644665595224
437.74644665595224
437.74644665595224
428.22298831063466
428.22298831063466
428.22298831063466
428.22298831063466
428.22298831063466
428.22298831063466
428.22298831063466
428.22298831063466
428.22298831063466
428.22298831063466
250.71524319723954
250.71524319723954
250.71524319723954
250.71524319723954
250.71524319723954
250.71524319723954
250.71524319723954
250.71524319723954
250.71524319723954
250.71524319723954
353.87345618797866
353.87345618797866
353.87345618797866
353.87345618797866
353.87345618797866
353.87345618797866
353.87345618797866
353.87345618797866
353.87345618797866
353.87345618797866
709.4133194242006
709.4133194242006
709.4133194242006
709.4133194242006
709.4133194242006
709.4133194242006
709.4133194242006
709.4133194242006
709.4133194242006
709.4133194242006
9357.549499112658
9357.549499112658
9357.549499112658
9357.549499112658
9357.549499112658
9357.549499112658
9357.549499112658
9357.549499112658
9357.549499112658
9357.549499112658
9352.911428148764
9352.911428148764
9352.911428148764
9352.911428148764
9352.911428148764
9352.911428148764
9352.911428148764
9352.911428148764
9352.911428148764
9352.911428148764
9347.758737148495
9347.758737148495
9347.758737148495
9347.758737148495
9347.758737148495
9347.758737148495
9347.758737148495
9347.758737148495
9347.758737148495
9347.758737148495
9347.847047552414
9347.847047552414
9347.847047552414
9347.847047552414
9347.847047552414
9347.847047552414
9347.847047552414
9347.847047552414
9347.847047552414
9347.847047552414
9334.167386730796
9334.167386730796
9334.167386730796
9334.167386730796
9334.167386730796
9334.167386730796
9334.167386730796
9334.167386730796
9334.167386730796
9334.167386730796
9347.430303764679
9347.430303764679
9347.430303764679
9347.430303764679
9347.430303764679
9347.430303764679
9347.430303764679
9347.430303764679
9347.430303764679
9347.430303764679
9347.383843576088
9347.383843576088
9347.383843576088
9347.383843576088
9347.383843576088
9347.383843576088
9347.383843576088
9347.383843576088
9347.383843576088
9347.383843576088
9347.877849183353
9347.877849183353
9347.877849183353
9347.877849183353
9347.877849183353
9347.877849183353
9347.877849183353
9347.877849183353
9347.877849183353
9347.877849183353
9347.555872019753
9347.555872019753
9347.555872019753
9347.555872019753
9347.555872019753
9347.555872019753
9347.555872019753
9347.555872019753
9347.555872019753
9347.555872019753
9347.486012895999
9347.486012895999
9347.486012895999
9347.486012895999
9347.486012895999
9347.486012895999
9347.486012895999
9347.486012895999
9347.486012895999
9347.486012895999
9346.409414368321
9346.409414368321
9346.409414368321
9346.409414368321
9346.409414368321
9346.409414368321
9346.409414368321
9346.409414368321
9346.409414368321
9346.409414368321
9347.770463876506
9347.770463876506
9347.770463876506
9347.770463876506
9347.770463876506
9347.770463876506
9347.770463876506
9347.770463876506
9347.770463876506
9347.770463876506
9347.814457745339
9347.814457745339
9347.814457745339
9347.814457745339
9347.814457745339
9347.814457745339
9347.814457745339
9347.814457745339
9347.814457745339
9347.814457745339
9347.60716585367
9347.60716585367
9347.60716585367
9347.60716585367
9347.60716585367
9347.60716585367
9347.60716585367
9347.60716585367
9347.60716585367
9347.60716585367
9337.67214720252
9337.67214720252
9337.67214720252
9337.67214720252
9337.67214720252
9337.67214720252
9337.67214720252
9337.67214720252
9337.67214720252
9337.67214720252
9338.506356385735
9338.506356385735
9338.506356385735
9338.506356385735
9338.506356385735
9338.506356385735
9338.506356385735
9338.506356385735
9338.506356385735
9338.506356385735
9339.08975443675
9339.08975443675
9339.08975443675
9339.08975443675
9339.08975443675
9339.08975443675
9339.08975443675
9339.08975443675
9339.08975443675
9339.08975443675
9339.617976269645
9339.617976269645
9339.617976269645
9339.617976269645
9339.617976269645
9339.617976269645
9339.617976269645
9339.617976269645
9339.617976269645
9339.617976269645
9339.6376096631
9339.6376096631
9339.6376096631
9339.6376096631
9339.6376096631
9339.6376096631
9339.6376096631
9339.6376096631
9339.6376096631
9339.6376096631
9343.88047496927
9343.88047496927
9343.88047496927
9343.88047496927
9343.88047496927
9343.88047496927
9343.88047496927
9343.88047496927
9343.88047496927
9343.88047496927
9342.776253037253
9342.776253037253
9342.776253037253
9342.776253037253
9342.776253037253
9342.776253037253
9342.776253037253
9342.776253037253
9342.776253037253
9342.776253037253
9338.21178289345
9338.21178289345
9338.21178289345
9338.21178289345
9338.21178289345
9338.21178289345
9338.21178289345
9338.21178289345
9338.21178289345
9338.21178289345
9341.239795183157
9341.239795183157
9341.239795183157
9341.239795183157
9341.239795183157
9341.239795183157
9341.239795183157
9341.239795183157
9341.239795183157
9341.239795183157
9339.45900954245
9339.45900954245
9339.45900954245
9339.45900954245
9339.45900954245
9339.45900954245
9339.45900954245
9339.45900954245
9339.45900954245
9339.45900954245
9342.152045953346
9342.152045953346
9342.152045953346
9342.152045953346
9342.152045953346
9342.152045953346
9342.152045953346
9342.152045953346
9342.152045953346
9342.152045953346
9352.896945467877
9352.896945467877
9352.896945467877
9352.896945467877
9352.896945467877
9352.896945467877
9352.896945467877
9352.896945467877
9352.896945467877
9352.896945467877
9333.139866137233
9333.139866137233
9333.139866137233
9333.139866137233
9333.139866137233
9333.139866137233
9333.139866137233
9333.139866137233
9333.139866137233
9333.139866137233
9332.623534977578
9332.623534977578
9332.623534977578
9332.623534977578
9332.623534977578
9332.623534977578
9332.623534977578
9332.623534977578
9332.623534977578
9332.623534977578
9332.666975514172
9332.666975514172
9332.666975514172
9332.666975514172
9332.666975514172
9332.666975514172
9332.666975514172
9332.666975514172
9332.666975514172
9332.666975514172
9332.281764059442
9332.281764059442
9332.281764059442
9332.281764059442
9332.281764059442
9332.281764059442
9332.281764059442
9332.281764059442
9332.281764059442
9332.281764059442
9332.588818478554
9332.588818478554
9332.588818478554
9332.588818478554
9332.588818478554
9332.588818478554
9332.588818478554
9332.588818478554
9332.588818478554
9332.588818478554
9332.395109243425
9332.395109243425
9332.395109243425
9332.395109243425
9332.395109243425
9332.395109243425
9332.395109243425
9332.395109243425
9332.395109243425
9332.395109243425
9332.997751723799
9332.997751723799
9332.997751723799
9332.997751723799
9332.997751723799
9332.997751723799
9332.997751723799
9332.997751723799
9332.997751723799
9332.997751723799
9332.976951565981
9332.976951565981
9332.976951565981
9332.976951565981
9332.976951565981
9332.976951565981
9332.976951565981
9332.976951565981
9332.976951565981
9332.976951565981
9332.906613185502
9332.906613185502
9332.906613185502
9332.906613185502
9332.906613185502
9332.906613185502
9332.906613185502
9332.906613185502
9332.906613185502
9332.906613185502
9333.035149241485
9333.035149241485
9333.035149241485
9333.035149241485
9333.035149241485
9333.035149241485
9333.035149241485
9333.035149241485
9333.035149241485
9333.035149241485
9332.510606340775
9332.510606340775
9332.510606340775
9332.510606340775
9332.510606340775
9332.510606340775
9332.510606340775
9332.510606340775
9332.510606340775
9332.510606340775
9332.417867261473
9332.417867261473
9332.417867261473
9332.417867261473
9332.417867261473
9332.417867261473
9332.417867261473
9332.417867261473
9332.417867261473
9332.417867261473
9332.549479764055
9332.549479764055
9332.549479764055
9332.549479764055
9332.549479764055
9332.549479764055
9332.549479764055
9332.549479764055
9332.549479764055
9332.549479764055
9332.800036152104
9332.800036152104
9332.800036152104
9332.800036152104
9332.800036152104
9332.800036152104
9332.800036152104
9332.800036152104
9332.800036152104
9332.800036152104
9343.433162075838
9343.433162075838
9343.433162075838
9343.433162075838
9343.433162075838
9343.433162075838
9343.433162075838
9343.433162075838
9343.433162075838
9343.433162075838
9333.857000122154
9333.857000122154
9333.857000122154
9333.857000122154
9333.857000122154
9333.857000122154
9333.857000122154
9333.857000122154
9333.857000122154
9333.857000122154
9332.725831968288
9332.725831968288
9332.725831968288
9332.725831968288
9332.725831968288
9332.725831968288
9332.725831968288
9332.725831968288
9332.725831968288
9332.725831968288
9332.766360185798
9332.766360185798
9332.766360185798
9332.766360185798
9332.766360185798
9332.766360185798
9332.766360185798
9332.766360185798
9332.766360185798
9332.766360185798
9332.947785420874
9332.947785420874
9332.947785420874
9332.947785420874
9332.947785420874
9332.947785420874
9332.947785420874
9332.947785420874
9332.947785420874
9332.947785420874
9332.737477672717
9332.737477672717
9332.737477672717
9332.737477672717
9332.737477672717
9332.737477672717
9332.737477672717
9332.737477672717
9332.737477672717
9332.737477672717
9333.39474513281
9333.39474513281
9333.39474513281
9333.39474513281
9333.39474513281
9333.39474513281
9333.39474513281
9333.39474513281
9333.39474513281
9333.39474513281
9332.750900524816
9332.750900524816
9332.750900524816
9332.750900524816
9332.750900524816
9332.750900524816
9332.750900524816
9332.750900524816
9332.750900524816
9332.750900524816
9333.024527555697
9333.024527555697
9333.024527555697
9333.024527555697
9333.024527555697
9333.024527555697
9333.024527555697
9333.024527555697
9333.024527555697
9333.024527555697
9335.061054579899
9335.061054579899
9335.061054579899
9335.061054579899
9335.061054579899
9335.061054579899
9335.061054579899
9335.061054579899
9335.061054579899
9335.061054579899
9332.963580376037
9332.963580376037
9332.963580376037
9332.963580376037
9332.963580376037
9332.963580376037
9332.963580376037
9332.963580376037
9332.963580376037
9332.963580376037
9335.685297718373
9335.685297718373
9335.685297718373
9335.685297718373
9335.685297718373
9335.685297718373
9335.685297718373
9335.685297718373
9335.685297718373
9335.685297718373
9332.824625750325
9332.824625750325
9332.824625750325
9332.824625750325
9332.824625750325
9332.824625750325
9332.824625750325
9332.824625750325
9332.824625750325
9332.824625750325
9336.091589501337
9336.091589501337
9336.091589501337
9336.091589501337
9336.091589501337
9336.091589501337
9336.091589501337
9336.091589501337
9336.091589501337
9336.091589501337
9335.77771571614
9335.77771571614
9335.77771571614
9335.77771571614
9335.77771571614
9335.77771571614
9335.77771571614
9335.77771571614
9335.77771571614
9335.77771571614
9343.581204600243
9343.581204600243
9343.581204600243
9343.581204600243
9343.581204600243
9343.581204600243
9343.581204600243
9343.581204600243
9343.581204600243
9343.581204600243
9336.232309458579
9336.232309458579
9336.232309458579
9336.232309458579
9336.232309458579
9336.232309458579
9336.232309458579
9336.232309458579
9336.232309458579
9336.232309458579
9336.11361680866
9336.11361680866
9336.11361680866
9336.11361680866
9336.11361680866
9336.11361680866
9336.11361680866
9336.11361680866
9336.11361680866
9336.11361680866
9338.145474082903
9338.145474082903
9338.145474082903
9338.145474082903
9338.145474082903
9338.145474082903
9338.145474082903
9338.145474082903
9338.145474082903
9338.145474082903
9338.20465647125
9338.20465647125
9338.20465647125
9338.20465647125
9338.20465647125
9338.20465647125
9338.20465647125
9338.20465647125
9338.20465647125
9338.20465647125
9335.977171121891
9335.977171121891
9335.977171121891
9335.977171121891
9335.977171121891
9335.977171121891
9335.977171121891
9335.977171121891
9335.977171121891
9335.977171121891
9336.157679409474
9336.157679409474
9336.157679409474
9336.157679409474
9336.157679409474
9336.157679409474
9336.157679409474
9336.157679409474
9336.157679409474
9336.157679409474
9335.922620986232
9335.922620986232
9335.922620986232
9335.922620986232
9335.922620986232
9335.922620986232
9335.922620986232
9335.922620986232
9335.922620986232
9335.922620986232
9335.989412721248
9335.989412721248
9335.989412721248
9335.989412721248
9335.989412721248
9335.989412721248
9335.989412721248
9335.989412721248
9335.989412721248
9335.989412721248
9335.790533605345
9335.790533605345
9335.790533605345
9335.790533605345
9335.790533605345
9335.790533605345
9335.790533605345
9335.790533605345
9335.790533605345
9335.790533605345
9335.780659083797
9335.780659083797
9335.780659083797
9335.780659083797
9335.780659083797
9335.780659083797
9335.780659083797
9335.780659083797
9335.780659083797
9335.780659083797
9338.354499319992
9338.354499319992
9338.354499319992
9338.354499319992
9338.354499319992
9338.354499319992
9338.354499319992
9338.354499319992
9338.354499319992
9338.354499319992
9338.110471830281
9338.110471830281
9338.110471830281
9338.110471830281
9338.110471830281
9338.110471830281
9338.110471830281
9338.110471830281
9338.110471830281
9338.110471830281
9338.116502110583
9338.116502110583
9338.116502110583
9338.116502110583
9338.116502110583
9338.116502110583
9338.116502110583
9338.116502110583
9338.116502110583
9338.116502110583
9337.976219122742
9337.976219122742
9337.976219122742
9337.976219122742
9337.976219122742
9337.976219122742
9337.976219122742
9337.976219122742
9337.976219122742
9337.976219122742
9338.40157167669
9338.40157167669
9338.40157167669
9338.40157167669
9338.40157167669
9338.40157167669
9338.40157167669
9338.40157167669
9338.40157167669
9338.40157167669
9339.37460859353
9339.37460859353
9339.37460859353
9339.37460859353
9339.37460859353
9339.37460859353
9339.37460859353
9339.37460859353
9339.37460859353
9339.37460859353
9338.220308435977
9338.220308435977
9338.220308435977
9338.220308435977
9338.220308435977
9338.220308435977
9338.220308435977
9338.220308435977
9338.220308435977
9338.220308435977
9337.964095802989
9337.964095802989
9337.964095802989
9337.964095802989
9337.964095802989
9337.964095802989
9337.964095802989
9337.964095802989
9337.964095802989
9337.964095802989
9338.231664587354
9338.231664587354
9338.231664587354
9338.231664587354
9338.231664587354
9338.231664587354
9338.231664587354
9338.231664587354
9338.231664587354
9338.231664587354
9338.141811596526
9338.141811596526
9338.141811596526
9338.141811596526
9338.141811596526
9338.141811596526
9338.141811596526
9338.141811596526
9338.141811596526
9338.141811596526
9338.48916587999
9338.48916587999
9338.48916587999
9338.48916587999
9338.48916587999
9338.48916587999
9338.48916587999
9338.48916587999
9338.48916587999
9338.48916587999
9338.48164095048
9338.48164095048
9338.48164095048
9338.48164095048
9338.48164095048
9338.48164095048
9338.48164095048
9338.48164095048
9338.48164095048
9338.48164095048
9338.439942253146
9338.439942253146
9338.439942253146
9338.439942253146
9338.439942253146
9338.439942253146
9338.439942253146
9338.439942253146
9338.439942253146
9338.439942253146
9338.193548654095
9338.193548654095
9338.193548654095
9338.193548654095
9338.193548654095
9338.193548654095
9338.193548654095
9338.193548654095
9338.193548654095
9338.193548654095
9339.901994799815
9339.901994799815
9339.901994799815
9339.901994799815
9339.901994799815
9339.901994799815
9339.901994799815
9339.901994799815
9339.901994799815
9339.901994799815
9339.869990584539
9339.869990584539
9339.869990584539
9339.869990584539
9339.869990584539
9339.869990584539
9339.869990584539
9339.869990584539
9339.869990584539
9339.869990584539
9339.789709798839
9339.789709798839
9339.789709798839
9339.789709798839
9339.789709798839
9339.789709798839
9339.789709798839
9339.789709798839
9339.789709798839
9339.789709798839
9338.514426438978
9338.514426438978
9338.514426438978
9338.514426438978
9338.514426438978
9338.514426438978
9338.514426438978
9338.514426438978
9338.514426438978
9338.514426438978
9339.33546745288
9339.33546745288
9339.33546745288
9339.33546745288
9339.33546745288
9339.33546745288
9339.33546745288
9339.33546745288
9339.33546745288
9339.33546745288
9338.240569253418
9338.240569253418
9338.240569253418
9338.240569253418
9338.240569253418
9338.240569253418
9338.240569253418
9338.240569253418
9338.240569253418
9338.240569253418
9338.21619028273
9338.21619028273
9338.21619028273
9338.21619028273
9338.21619028273
9338.21619028273
9338.21619028273
9338.21619028273
9338.21619028273
9338.21619028273
9339.768959714302
9339.768959714302
9339.768959714302
9339.768959714302
9339.768959714302
9339.768959714302
9339.768959714302
9339.768959714302
9339.768959714302
9339.768959714302
9338.404054439136
9338.404054439136
9338.404054439136
9338.404054439136
9338.404054439136
9338.404054439136
9338.404054439136
9338.404054439136
9338.404054439136
9338.404054439136
9336.71815399914
9336.71815399914
9336.71815399914
9336.71815399914
9336.71815399914
9336.71815399914
9336.71815399914
9336.71815399914
9336.71815399914
9336.71815399914
9336.608250532485
9336.608250532485
9336.608250532485
9336.608250532485
9336.608250532485
9336.608250532485
9336.608250532485
9336.608250532485
9336.608250532485
9336.608250532485
9359.25363870584
9359.25363870584
9359.25363870584
9359.25363870584
9359.25363870584
9359.25363870584
9359.25363870584
9359.25363870584
9359.25363870584
9359.25363870584
9341.716181191598
9341.716181191598
9341.716181191598
9341.716181191598
9341.716181191598
9341.716181191598
9341.716181191598
9341.716181191598
9341.716181191598
9341.716181191598
9342.929840521607
9342.929840521607
9342.929840521607
9342.929840521607
9342.929840521607
9342.929840521607
9342.929840521607
9342.929840521607
9342.929840521607
9342.929840521607
9338.637889567897
9338.637889567897
9338.637889567897
9338.637889567897
9338.637889567897
9338.637889567897
9338.637889567897
9338.637889567897
9338.637889567897
9338.637889567897
9343.933693480309
9343.933693480309
9343.933693480309
9343.933693480309
9343.933693480309
9343.933693480309
9343.933693480309
9343.933693480309
9343.933693480309
9343.933693480309
9339.893680336207
9339.893680336207
9339.893680336207
9339.893680336207
9339.893680336207
9339.893680336207
9339.893680336207
9339.893680336207
9339.893680336207
9339.893680336207
9340.359413594513
9340.359413594513
9340.359413594513
9340.359413594513
9340.359413594513
9340.359413594513
9340.359413594513
9340.359413594513
9340.359413594513
9340.359413594513
9332.281332610208
9332.281332610208
9332.281332610208
9332.281332610208
9332.281332610208
9332.281332610208
9332.281332610208
9332.281332610208
9332.281332610208
9332.281332610208
9328.945373507073
9328.945373507073
9328.945373507073
9328.945373507073
9328.945373507073
9328.945373507073
9328.945373507073
9328.945373507073
9328.945373507073
9328.945373507073
9334.051787089487
9334.051787089487
9334.051787089487
9334.051787089487
9334.051787089487
9334.051787089487
9334.051787089487
9334.051787089487
9334.051787089487
9334.051787089487
9329.316245032382
9329.316245032382
9329.316245032382
9329.316245032382
9329.316245032382
9329.316245032382
9329.316245032382
9329.316245032382
9329.316245032382
9329.316245032382
9353.134388046008
9353.134388046008
9353.134388046008
9353.134388046008
9353.134388046008
9353.134388046008
9353.134388046008
9353.134388046008
9353.134388046008
9353.134388046008
9329.483439895712
9329.483439895712
9329.483439895712
9329.483439895712
9329.483439895712
9329.483439895712
9329.483439895712
9329.483439895712
9329.483439895712
9329.483439895712
9334.185361655387
9334.185361655387
9334.185361655387
9334.185361655387
9334.185361655387
9334.185361655387
9334.185361655387
9334.185361655387
9334.185361655387
9334.185361655387
9333.428357891175
9333.428357891175
9333.428357891175
9333.428357891175
9333.428357891175
9333.428357891175
9333.428357891175
9333.428357891175
9333.428357891175
9333.428357891175
9334.014765814423
9334.014765814423
9334.014765814423
9334.014765814423
9334.014765814423
9334.014765814423
9334.014765814423
9334.014765814423
9334.014765814423
9334.014765814423
9335.299498510654
9335.299498510654
9335.299498510654
9335.299498510654
9335.299498510654
9335.299498510654
9335.299498510654
9335.299498510654
9335.299498510654
9335.299498510654
9333.854418052593
9333.854418052593
9333.854418052593
9333.854418052593
9333.854418052593
9333.854418052593
9333.854418052593
9333.854418052593
9333.854418052593
9333.854418052593
9353.047478919201
9353.047478919201
9353.047478919201
9353.047478919201
9353.047478919201
9353.047478919201
9353.047478919201
9353.047478919201
9353.047478919201
9353.047478919201
9338.2844432985
9338.2844432985
9338.2844432985
9338.2844432985
9338.2844432985
9338.2844432985
9338.2844432985
9338.2844432985
9338.2844432985
9338.2844432985
9338.42937310379
9338.42937310379
9338.42937310379
9338.42937310379
9338.42937310379
9338.42937310379
9338.42937310379
9338.42937310379
9338.42937310379
9338.42937310379
9351.467124830278
9351.467124830278
9351.467124830278
9351.467124830278
9351.467124830278
9351.467124830278
9351.467124830278
9351.467124830278
9351.467124830278
9351.467124830278
9332.206207451718
9332.206207451718
9332.206207451718
9332.206207451718
9332.206207451718
9332.206207451718
9332.206207451718
9332.206207451718
9332.206207451718
9332.206207451718
9330.665554923065
9330.665554923065
9330.665554923065
9330.665554923065
9330.665554923065
9330.665554923065
9330.665554923065
9330.665554923065
9330.665554923065
9330.665554923065
9330.218097732022
9330.218097732022
9330.218097732022
9330.218097732022
9330.218097732022
9330.218097732022
9330.218097732022
9330.218097732022
9330.218097732022
9330.218097732022
9329.734376400844
9329.734376400844
9329.734376400844
9329.734376400844
9329.734376400844
9329.734376400844
9329.734376400844
9329.734376400844
9329.734376400844
9329.734376400844
9359.22982064334
9359.22982064334
9359.22982064334
9359.22982064334
9359.22982064334
9359.22982064334
9359.22982064334
9359.22982064334
9359.22982064334
9359.22982064334
9351.083957349023
9351.083957349023
9351.083957349023
9351.083957349023
9351.083957349023
9351.083957349023
9351.083957349023
9351.083957349023
9351.083957349023
9351.083957349023
9354.482005989708
9354.482005989708
9354.482005989708
9354.482005989708
9354.482005989708
9354.482005989708
9354.482005989708
9354.482005989708
9354.482005989708
9354.482005989708
9355.372468768948
9355.372468768948
9355.372468768948
9355.372468768948
9355.372468768948
9355.372468768948
9355.372468768948
9355.372468768948
9355.372468768948
9355.372468768948
9335.549452994646
9335.549452994646
9335.549452994646
9335.549452994646
9335.549452994646
9335.549452994646
9335.549452994646
9335.549452994646
9335.549452994646
9335.549452994646
9335.560941427708
9335.560941427708
9335.560941427708
9335.560941427708
9335.560941427708
9335.560941427708
9335.560941427708
9335.560941427708
9335.560941427708
9335.560941427708
9335.243724369579
9335.243724369579
9335.243724369579
9335.243724369579
9335.243724369579
9335.243724369579
9335.243724369579
9335.243724369579
9335.243724369579
9335.243724369579
9335.426360375654
9335.426360375654
9335.426360375654
9335.426360375654
9335.426360375654
9335.426360375654
9335.426360375654
9335.426360375654
9335.426360375654
9335.426360375654
9335.689361206156
9335.689361206156
9335.689361206156
9335.689361206156
9335.689361206156
9335.689361206156
9335.689361206156
9335.689361206156
9335.689361206156
9335.689361206156
9335.26310206011
9335.26310206011
9335.26310206011
9335.26310206011
9335.26310206011
9335.26310206011
9335.26310206011
9335.26310206011
9335.26310206011
9335.26310206011
9335.284415489394
9335.284415489394
9335.284415489394
9335.284415489394
9335.284415489394
9335.284415489394
9335.284415489394
9335.284415489394
9335.284415489394
9335.284415489394
9335.435432726357
9335.435432726357
9335.435432726357
9335.435432726357
9335.435432726357
9335.435432726357
9335.435432726357
9335.435432726357
9335.435432726357
9335.435432726357
9335.67678945094
9335.67678945094
9335.67678945094
9335.67678945094
9335.67678945094
9335.67678945094
9335.67678945094
9335.67678945094
9335.67678945094
9335.67678945094
9335.386890841377
9335.386890841377
9335.386890841377
9335.386890841377
9335.386890841377
9335.386890841377
9335.386890841377
9335.386890841377
9335.386890841377
9335.386890841377
9335.314006981622
9335.314006981622
9335.314006981622
9335.314006981622
9335.314006981622
9335.314006981622
9335.314006981622
9335.314006981622
9335.314006981622
9335.314006981622
9337.923564701112
9337.923564701112
9337.923564701112
9337.923564701112
9337.923564701112
9337.923564701112
9337.923564701112
9337.923564701112
9337.923564701112
9337.923564701112
9340.174511736108
9340.174511736108
9340.174511736108
9340.174511736108
9340.174511736108
9340.174511736108
9340.174511736108
9340.174511736108
9340.174511736108
9340.174511736108
9337.152940714383
9337.152940714383
9337.152940714383
9337.152940714383
9337.152940714383
9337.152940714383
9337.152940714383
9337.152940714383
9337.152940714383
9337.152940714383
9335.757069255
9335.757069255
9335.757069255
9335.757069255
9335.757069255
9335.757069255
9335.757069255
9335.757069255
9335.757069255
9335.757069255
9335.328208067971
9335.328208067971
9335.328208067971
9335.328208067971
9335.328208067971
9335.328208067971
9335.328208067971
9335.328208067971
9335.328208067971
9335.328208067971
9335.740815012798
9335.740815012798
9335.740815012798
9335.740815012798
9335.740815012798
9335.740815012798
9335.740815012798
9335.740815012798
9335.740815012798
9335.740815012798
9330.055284706268
9330.055284706268
9330.055284706268
9330.055284706268
9330.055284706268
9330.055284706268
9330.055284706268
9330.055284706268
9330.055284706268
9330.055284706268
9359.561260679791
9359.561260679791
9359.561260679791
9359.561260679791
9359.561260679791
9359.561260679791
9359.561260679791
9359.561260679791
9359.561260679791
9359.561260679791
9359.727011162382
9359.727011162382
9359.727011162382
9359.727011162382
9359.727011162382
9359.727011162382
9359.727011162382
9359.727011162382
9359.727011162382
9359.727011162382
9359.167946273283
9359.167946273283
9359.167946273283
9359.167946273283
9359.167946273283
9359.167946273283
9359.167946273283
9359.167946273283
9359.167946273283
9359.167946273283
9358.85039101404
9358.85039101404
9358.85039101404
9358.85039101404
9358.85039101404
9358.85039101404
9358.85039101404
9358.85039101404
9358.85039101404
9358.85039101404
9333.920726779454
9333.920726779454
9333.920726779454
9333.920726779454
9333.920726779454
9333.920726779454
9333.920726779454
9333.920726779454
9333.920726779454
9333.920726779454
9334.40363196387
9334.40363196387
9334.40363196387
9334.40363196387
9334.40363196387
9334.40363196387
9334.40363196387
9334.40363196387
9334.40363196387
9334.40363196387
9332.700806072951
9332.700806072951
9332.700806072951
9332.700806072951
9332.700806072951
9332.700806072951
9332.700806072951
9332.700806072951
9332.700806072951
9332.700806072951
9333.972143039511
9333.972143039511
9333.972143039511
9333.972143039511
9333.972143039511
9333.972143039511
9333.972143039511
9333.972143039511
9333.972143039511
9333.972143039511
9333.707274037088
9333.707274037088
9333.707274037088
9333.707274037088
9333.707274037088
9333.707274037088
9333.707274037088
9333.707274037088
9333.707274037088
9333.707274037088
9335.453800135878
9335.453800135878
9335.453800135878
9335.453800135878
9335.453800135878
9335.453800135878
9335.453800135878
9335.453800135878
9335.453800135878
9335.453800135878
9329.92513440828
9329.92513440828
9329.92513440828
9329.92513440828
9329.92513440828
9329.92513440828
9329.92513440828
9329.92513440828
9329.92513440828
9329.92513440828
9340.648420783786
9340.648420783786
9340.648420783786
9340.648420783786
9340.648420783786
9340.648420783786
9340.648420783786
9340.648420783786
9340.648420783786
9340.648420783786
9336.378279242412
9336.378279242412
9336.378279242412
9336.378279242412
9336.378279242412
9336.378279242412
9336.378279242412
9336.378279242412
9336.378279242412
9336.378279242412
9331.84614653465
9331.84614653465
9331.84614653465
9331.84614653465
9331.84614653465
9331.84614653465
9331.84614653465
9331.84614653465
9331.84614653465
9331.84614653465
9333.888635468142
9333.888635468142
9333.888635468142
9333.888635468142
9333.888635468142
9333.888635468142
9333.888635468142
9333.888635468142
9333.888635468142
9333.888635468142
9331.670258861854
9331.670258861854
9331.670258861854
9331.670258861854
9331.670258861854
9331.670258861854
9331.670258861854
9331.670258861854
9331.670258861854
9331.670258861854
9329.04388925204
9329.04388925204
9329.04388925204
9329.04388925204
9329.04388925204
9329.04388925204
9329.04388925204
9329.04388925204
9329.04388925204
9329.04388925204
9328.816638971488
9328.816638971488
9328.816638971488
9328.816638971488
9328.816638971488
9328.816638971488
9328.816638971488
9328.816638971488
9328.816638971488
9328.816638971488
9342.248294901075
9342.248294901075
9342.248294901075
9342.248294901075
9342.248294901075
9342.248294901075
9342.248294901075
9342.248294901075
9342.248294901075
9342.248294901075
9332.20105847024
9332.20105847024
9332.20105847024
9332.20105847024
9332.20105847024
9332.20105847024
9332.20105847024
9332.20105847024
9332.20105847024
9332.20105847024
9331.011434324359
9331.011434324359
9331.011434324359
9331.011434324359
9331.011434324359
9331.011434324359
9331.011434324359
9331.011434324359
9331.011434324359
9331.011434324359
9330.497132895536
9330.497132895536
9330.497132895536
9330.497132895536
9330.497132895536
9330.497132895536
9330.497132895536
9330.497132895536
9330.497132895536
9330.497132895536
9331.13468978553
9331.13468978553
9331.13468978553
9331.13468978553
9331.13468978553
9331.13468978553
9331.13468978553
9331.13468978553
9331.13468978553
9331.13468978553
9333.718552584643
9333.718552584643
9333.718552584643
9333.718552584643
9333.718552584643
9333.718552584643
9333.718552584643
9333.718552584643
9333.718552584643
9333.718552584643
9333.140286879721
9333.140286879721
9333.140286879721
9333.140286879721
9333.140286879721
9333.140286879721
9333.140286879721
9333.140286879721
9333.140286879721
9333.140286879721
9359.480051748425
9359.480051748425
9359.480051748425
9359.480051748425
9359.480051748425
9359.480051748425
9359.480051748425
9359.480051748425
9359.480051748425
9359.480051748425
9338.352865422643
9338.352865422643
9338.352865422643
9338.352865422643
9338.352865422643
9338.352865422643
9338.352865422643
9338.352865422643
9338.352865422643
9338.352865422643
9348.393376812259
9348.393376812259
9348.393376812259
9348.393376812259
9348.393376812259
9348.393376812259
9348.393376812259
9348.393376812259
9348.393376812259
9348.393376812259
9333.393454697547
9333.393454697547
9333.393454697547
9333.393454697547
9333.393454697547
9333.393454697547
9333.393454697547
9333.393454697547
9333.393454697547
9333.393454697547
9336.777127663603
9336.777127663603
9336.777127663603
9336.777127663603
9336.777127663603
9336.777127663603
9336.777127663603
9336.777127663603
9336.777127663603
9336.777127663603
9334.371470158398
9334.371470158398
9334.371470158398
9334.371470158398
9334.371470158398
9334.371470158398
9334.371470158398
9334.371470158398
9334.371470158398
9334.371470158398
9330.106640367476
9330.106640367476
9330.106640367476
9330.106640367476
9330.106640367476
9330.106640367476
9330.106640367476
9330.106640367476
9330.106640367476
9330.106640367476
9335.718756052649
9335.718756052649
9335.718756052649
9335.718756052649
9335.718756052649
9335.718756052649
9335.718756052649
9335.718756052649
9335.718756052649
9335.718756052649
9339.069779257134
9339.069779257134
9339.069779257134
9339.069779257134
9339.069779257134
9339.069779257134
9339.069779257134
9339.069779257134
9339.069779257134
9339.069779257134
9339.557969273994
9339.557969273994
9339.557969273994
9339.557969273994
9339.557969273994
9339.557969273994
9339.557969273994
9339.557969273994
9339.557969273994
9339.557969273994
9344.930311128654
9344.930311128654
9344.930311128654
9344.930311128654
9344.930311128654
9344.930311128654
9344.930311128654
9344.930311128654
9344.930311128654
9344.930311128654
9326.204156459024
9326.204156459024
9326.204156459024
9326.204156459024
9326.204156459024
9326.204156459024
9326.204156459024
9326.204156459024
9326.204156459024
9326.204156459024
9328.88624420879
9328.88624420879
9328.88624420879
9328.88624420879
9328.88624420879
9328.88624420879
9328.88624420879
9328.88624420879
9328.88624420879
9328.88624420879
9341.906210072962
9341.906210072962
9341.906210072962
9341.906210072962
9341.906210072962
9341.906210072962
9341.906210072962
9341.906210072962
9341.906210072962
9341.906210072962
9334.647536268736
9334.647536268736
9334.647536268736
9334.647536268736
9334.647536268736
9334.647536268736
9334.647536268736
9334.647536268736
9334.647536268736
9334.647536268736
9340.39225202488
9340.39225202488
9340.39225202488
9340.39225202488
9340.39225202488
9340.39225202488
9340.39225202488
9340.39225202488
9340.39225202488
9340.39225202488
9338.331738613284
9338.331738613284
9338.331738613284
9338.331738613284
9338.331738613284
9338.331738613284
9338.331738613284
9338.331738613284
9338.331738613284
9338.331738613284
9340.669860754995
9340.669860754995
9340.669860754995
9340.669860754995
9340.669860754995
9340.669860754995
9340.669860754995
9340.669860754995
9340.669860754995
9340.669860754995
9344.453847683717
9344.453847683717
9344.453847683717
9344.453847683717
9344.453847683717
9344.453847683717
9344.453847683717
9344.453847683717
9344.453847683717
9344.453847683717
9347.546936298933
9347.546936298933
9347.546936298933
9347.546936298933
9347.546936298933
9347.546936298933
9347.546936298933
9347.546936298933
9347.546936298933
9347.546936298933
9345.870647745032
9345.870647745032
9345.870647745032
9345.870647745032
9345.870647745032
9345.870647745032
9345.870647745032
9345.870647745032
9345.870647745032
9345.870647745032
9359.537087224486
9359.537087224486
9359.537087224486
9359.537087224486
9359.537087224486
9359.537087224486
9359.537087224486
9359.537087224486
9359.537087224486
9359.537087224486
9339.152492355195
9339.152492355195
9339.152492355195
9339.152492355195
9339.152492355195
9339.152492355195
9339.152492355195
9339.152492355195
9339.152492355195
9339.152492355195
9344.262784707103
9344.262784707103
9344.262784707103
9344.262784707103
9344.262784707103
9344.262784707103
9344.262784707103
9344.262784707103
9344.262784707103
9344.262784707103
9359.819649741681
9359.819649741681
9359.819649741681
9359.819649741681
9359.819649741681
9359.819649741681
9359.819649741681
9359.819649741681
9359.819649741681
9359.819649741681
9359.76754153732
9359.76754153732
9359.76754153732
9359.76754153732
9359.76754153732
9359.76754153732
9359.76754153732
9359.76754153732
9359.76754153732
9359.76754153732
9328.88303294634
9328.88303294634
9328.88303294634
9328.88303294634
9328.88303294634
9328.88303294634
9328.88303294634
9328.88303294634
9328.88303294634
9328.88303294634
9335.614715860087
9335.614715860087
9335.614715860087
9335.614715860087
9335.614715860087
9335.614715860087
9335.614715860087
9335.614715860087
9335.614715860087
9335.614715860087
9338.475371738494
9338.475371738494
9338.475371738494
9338.475371738494
9338.475371738494
9338.475371738494
9338.475371738494
9338.475371738494
9338.475371738494
9338.475371738494
9339.489375949031
9339.489375949031
9339.489375949031
9339.489375949031
9339.489375949031
9339.489375949031
9339.489375949031
9339.489375949031
9339.489375949031
9339.489375949031
9339.027795687585
9339.027795687585
9339.027795687585
9339.027795687585
9339.027795687585
9339.027795687585
9339.027795687585
9339.027795687585
9339.027795687585
9339.027795687585
9342.830162242659
9342.830162242659
9342.830162242659
9342.830162242659
9342.830162242659
9342.830162242659
9342.830162242659
9342.830162242659
9342.830162242659
9342.830162242659
9359.654375117048
9359.654375117048
9359.654375117048
9359.654375117048
9359.654375117048
9359.654375117048
9359.654375117048
9359.654375117048
9359.654375117048
9359.654375117048
9338.384213945901
9338.384213945901
9338.384213945901
9338.384213945901
9338.384213945901
9338.384213945901
9338.384213945901
9338.384213945901
9338.384213945901
9338.384213945901
9358.187172893837
9358.187172893837
9358.187172893837
9358.187172893837
9358.187172893837
9358.187172893837
9358.187172893837
9358.187172893837
9358.187172893837
9358.187172893837
9336.109995475776
9336.109995475776
9336.109995475776
9336.109995475776
9336.109995475776
9336.109995475776
9336.109995475776
9336.109995475776
9336.109995475776
9336.109995475776
9344.711195819335
9344.711195819335
9344.711195819335
9344.711195819335
9344.711195819335
9344.711195819335
9344.711195819335
9344.711195819335
9344.711195819335
9344.711195819335
9339.244951884402
9339.244951884402
9339.244951884402
9339.244951884402
9339.244951884402
9339.244951884402
9339.244951884402
9339.244951884402
9339.244951884402
9339.244951884402
9332.021545594578
9332.021545594578
9332.021545594578
9332.021545594578
9332.021545594578
9332.021545594578
9332.021545594578
9332.021545594578
9332.021545594578
9332.021545594578
9335.721923405301
9335.721923405301
9335.721923405301
9335.721923405301
9335.721923405301
9335.721923405301
9335.721923405301
9335.721923405301
9335.721923405301
9335.721923405301
9344.892886907237
9344.892886907237
9344.892886907237
9344.892886907237
9344.892886907237
9344.892886907237
9344.892886907237
9344.892886907237
9344.892886907237
9344.892886907237
9341.527974485283
9341.527974485283
9341.527974485283
9341.527974485283
9341.527974485283
9341.527974485283
9341.527974485283
9341.527974485283
9341.527974485283
9341.527974485283
9335.779930762277
9335.779930762277
9335.779930762277
9335.779930762277
9335.779930762277
9335.779930762277
9335.779930762277
9335.779930762277
9335.779930762277
9335.779930762277
9344.50197871632
9344.50197871632
9344.50197871632
9344.50197871632
9344.50197871632
9344.50197871632
9344.50197871632
9344.50197871632
9344.50197871632
9344.50197871632
9336.582341950865
9336.582341950865
9336.582341950865
9336.582341950865
9336.582341950865
9336.582341950865
9336.582341950865
9336.582341950865
9336.582341950865
9336.582341950865
9341.00260354216
9341.00260354216
9341.00260354216
9341.00260354216
9341.00260354216
9341.00260354216
9341.00260354216
9341.00260354216
9341.00260354216
9341.00260354216
9339.313294220945
9339.313294220945
9339.313294220945
9339.313294220945
9339.313294220945
9339.313294220945
9339.313294220945
9339.313294220945
9339.313294220945
9339.313294220945
9333.593404620204
9333.593404620204
9333.593404620204
9333.593404620204
9333.593404620204
9333.593404620204
9333.593404620204
9333.593404620204
9333.593404620204
9333.593404620204
9353.825004616454
9353.825004616454
9353.825004616454
9353.825004616454
9353.825004616454
9353.825004616454
9353.825004616454
9353.825004616454
9353.825004616454
9353.825004616454
9358.893509509566
9358.893509509566
9358.893509509566
9358.893509509566
9358.893509509566
9358.893509509566
9358.893509509566
9358.893509509566
9358.893509509566
9358.893509509566
9330.602682480423
9330.602682480423
9330.602682480423
9330.602682480423
9330.602682480423
9330.602682480423
9330.602682480423
9330.602682480423
9330.602682480423
9330.602682480423
9332.944495612626
9332.944495612626
9332.944495612626
9332.944495612626
9332.944495612626
9332.944495612626
9332.944495612626
9332.944495612626
9332.944495612626
9332.944495612626
9336.912849027332
9336.912849027332
9336.912849027332
9336.912849027332
9336.912849027332
9336.912849027332
9336.912849027332
9336.912849027332
9336.912849027332
9336.912849027332
9343.503833392546
9343.503833392546
9343.503833392546
9343.503833392546
9343.503833392546
9343.503833392546
9343.503833392546
9343.503833392546
9343.503833392546
9343.503833392546
9337.176638877545
9337.176638877545
9337.176638877545
9337.176638877545
9337.176638877545
9337.176638877545
9337.176638877545
9337.176638877545
9337.176638877545
9337.176638877545
9330.527860131844