17
24
33
40
52
62
70
79
90
101
106
110
114
117
121
125
129
133
137
140
144
147
150
154
158
162
166
170
174
177
181
184
187
191
195
199
203
207
211
215
218
221
225
228
232
236
240
243
246
250
253
256
260
264
268
271
275
279
283
287
291
295
299
302
305
308
311
315
318
321
325
329
332
335
339
343
347
351
354
358
361
365
368
372
375
378
382
386
390
393
397
401
405
408
411
414
418
421
425
429
433
437
441
445
449
453
457
460
463
466
470
473
477
481
484
487
491
495
499
503
507
510
514
518
521
525
529
532
536
540
544
548
551
555
559
563
566
570
574
578
582
585
589
593
597
600
603
606
610
613
617
621
625
628
631
634
638
642
645
649
652
655
658
662
665
668
672
676
680
684
688
692
696
699
703
707
711
715
718
722
726
730
734
738
742
746
749
752
756
759
763
767
771
775
778
782
785
789
792
795
798
801
805
809
812
816
819
822
826
830
833
837
840
844
848
852
855
859
863
866
870
874
877
881
885
888
891
895
899
903
907
910
913
916
920
924
928
932
936
939
943
947
950
954
957
961
965
969
973
977
981
985
988
991
994
998
1002
1006
1009
1012
1015
1018
1021
1024
1028
1032
1036
1040
1043
1047
1050
1054
1058
1062
1066
1070
1073
1077
1081
1084
1088
1092
1096
1100
1104
1108
1112
1115
1119
1122
1126
1130
1133
1136
1140
1143
1146
1150
1154
1158
1162
1165
1169
1173
1177
1181
1184
1187
1191
1194
1198
1202
1206
1210
1213
1217
1221
1225
1229
1232
1235
1238
1242
1245
1249
1253
1257
1261
1265
1268
1272
1276
1280
1284
1288
1292
1296
1300
1304
1308
1311
1315
1319
1323
1327
1330
1334
1337
1341
1345
1349
1353
1356
1359
1363
1366
1370
1374
1377
1381
1385
1389
1393
1397
1401
1404
1408
1412
1416
1419
1422
1426
1429
1432
1436
1440
1444
1448
1452
1456
1459
1462
1466
1470
1473
1476
1480
1484
1488
1491
1495
1498
1502
1505
1509
1512
1516
1520
1523
1527
1530
1534
1538
1543
1547
1551
1554
1558
1562
1566
1570
1574
1577
1580
1584
1587
1591
1595
1598
1602
1606
1610
1614
1618
1622
1628
1637
1646
1653
1659
1666
1673
1680
1687
1695
1702
1709
1716
1722
1730
1738
1745
1752
1760
1768
1778
1786
1794
1802
1812
1821
1829
1838
1846
1855
1864
1872
1882
1890
1900
1910
1919
1929
1939
1948
1957
1966
1975
1983
1992
2003
2012
2022
2032
2041
2050
2060
2069
2079
2088
2096
2104
2115
2124
2133
2142
2151
2159
2169
2179
2189
2199
2209
2223
2235
2246
2257
2266
2279
2293
2304
2316
2327
2339
2348
2363
2374
2385
2400
2409
2420
2433
2445
2461
2475
2485
2497
2509
2523
2536
2547
2557
2571
2593
2602
2612
2627
2639
2651
2673
2689
2699
2710
2723
2735
2756
2767
2783
2794
2813
2826
2835
2847
2862
2877
2895
2906
2916
2927
2938
2955
2970
2979
3006
3027
3041
3051
3064
3077
3089
3111
3122
3144
3154
3164
3185
3204
3221
3235
3249
3264
3278
3309
3320
3331
3349
3362
3377
3397
3409
3425
3441
3454
3469
3482
3497
3515
3531
3544
3569
3599
3617
3628
3644
3664
3702
3720
3735
3756
3783
3827
3847
3866
3900
3938
3957
3972
3998
4013
4035
4051
4074
4087
4102
4137
4153
4192
4203
4216
4226
4241
4258
4275
4295
4320
4338
4378
4389
4403
4417
4439
4463
4498
4513
4527
4540
4559
4570
4597
4621
4635
4654
4696
4708
4725
4739
4752
4782
4805
4823
4855
4872
4886
4908
4952
4973
5006
5027
5053
5070
5089
5103
5115
5136
5166
5189
5211
5234
5258
5294
5319
5343
5360
5381
5411
5434
5480
5501
5525
5556
5582
5613
5653
5676
5697
5726
5753
5788
5819
5853
5875
5912
5950
5975
6019
6045
6069
6110
6136
6159
6189
6223
6259
6304
6330
6362
6397
6441
6479
6510
6533
6564
6591
6616
6662
6693
6726
6774
6822
6859
6883
6934
6965
6997
7023
7052
7076
7110
7149
7192
7232
7262
7290
7333
7363
7399
7448
7484
7514
7561
7619
7663
7696
7722
7751
7791
7827
7861
7892
7923
7961
8010
8048
8107
8137
8175
8199
8242
8276
8325
8361
8409
8459
8509
8544
8589
8630
8671
8708
8746
8777
8803
8863
8899
8943
8972
9036
9075
9134
9177
9232
9282
9322
9375
9428
9501
9536
9565
9619
9672
9748
9832
9874
9910
9960
10015
10079
10167
10213
10245
10298
10325
10377
10429
10471
10516
10563
10717
10785
10846
10874
10909
10966
11006
11101
11202
11259
11311
11362
11478
11528
11712
11757
11815
11912
11966
12000
12073
12115
12148
12293
12467
12657
12735
12819
13050
13327
14327
15327
16327
17327
18327
19327
20327
21327
22327
23327
24327
25327
26108
27108
28108
29108
30108
31108
32108
33108
34108
35108
36108
37108
38108
39108
40108
41108
41120
41132
42132
42866
43579
43605
43646
43681
43694
43966
43973
44336
44387
44590
44653
44810
45236
45296
45349
45397
45536
45595
45649
45658
45688
45732
45814
45869
45913
45975
46021
46097
46203
46256
46311
46362
46424
46484
46528
46589
46642
46686
46724
46791
46850
46903
46948
46998
47054
47105
47162
47214
47265
47322
47370
47419
47468
47526
47585
47617
47682
47704
47763
47819
47886
47942
48000
48058
48104
48170
48215
48260
48303
48383
48427
48445
48507
48590
48649
48705
48771
48822
48882
48898
48963
49008
49066
49116
49171
49271
49324
49406
49457
49515
49594
49611
49700
49787
49871
49956
50022
50084
50141
50216
50273
50323
50457
51046
51652
51708
51776
51850
52314
53314
54314
55314
56314
57314
58314
59314
60314
60598
61598
62598
62710
63142
63644
63786
64121
64691
65023
65144
65212
65506
65731
65992
66140
66279
66409
66529
66840
67513
67956
68137
68224
68327
68464
68831
69109
69407
69599
69712
69912
69999
70091
70204
70497
70568
70649
70706
70914
70972
71051
71114
71181
71266
71361
71436
71511
71568
71628
71692
71767
71852
71936
72006
72133
72195
72281
72373
72500
72579
72677
72744
72810
72862
72943
73013
73093
73144
73198
73274
73340
73429
73497
73582
73671
73777
73872
73932
74002
74149
74299
74390
74458
74532
74621
74715
74811
74860
74940
75065
75146
75308
75398
75541
75655
75723
75880
76013
76104
76208
76372
76528
76618
76697
76822
77054
77163
77999
78999
79999
80999
81999
82999
83999
84999
85999
86211
87211
88211
89211
90211
90723
91723
92723
93723
94723
94818
94928
95058
95116
95317
95453
95525
95647
95848
95955
96100
96202
96287
96496
96590
96645
96729
96796
96871
96961
97042
97119
97271
97348
97392
97458
97540
97612
97695
97758
97838
97925
98016
98067
98138
98203
98275
98329
98388
98448
98500
98617
98669
98752
98889
98950
99013
99077
99132
99203
99265
99317
99424
99513
99574
99642
99697
99748
99804
99864
99890
99951
100012
100073
100133
100201
100275
100323
100396
100474
100533
100589
100638
100750
100859
100920
100964
101017
101067
101112
101188
101233
101290
101346
101420
101482
101553
101606
101683
101732
101785
101871
102013
102068
102119
102189
102244
102287
102340
102413
102488
102544
102589
102637
102686
102737
102803
102864
102933
102988
103057
103111
103166
103218
103321
103386
103436
103503
103572
103630
103683
103741
103817
103864
103917
103960
104013
104064
104106
104160
104211
104260
104343
104395
104449
104511
104598
104645
104693
104747
104815
104860
104924
104979
105036
105094
105147
105236
105280
105342
105393
105447
105497
105564
105621
105683
105724
105767
105818
105888
105963
106021
106068
106153
106197
106214
106273
106344
106407
106455
106529
106579
106641
106690
106742
106808
106854
106903
106973
107025
107081
107131
107181
107222
107260
107306
107369
107422
107493
107548
107607
107678
107745
107792
107848
107908
107956
108009
108068
108111
108167
108220
108278
108325
108370
108413
108477
108554
108614
108673
108727
108781
108842
108889
108946
109020
109088
109139
109200
109245
109294
109350
109403
109454
109520
109583
109654
109708
109783
109851
109926
109989
110056
110118
110182
110248
110311
110378
110450
110557
110649
110745
110817
110991
111076
111164
111242
111331
111417
111505
111635
111726
111779
111867
111986
112064
112203
112310
112480
112540
112877
113067
113151
113223
113337
113404
113519
114042
114552
114634
114806
115059
115070
115588
115788
115862
115923
116034
116157
116363
116469
116541
116612
116698
116839
116896
117223
117342
117566
117697
117802
118002
118119
118248
118338
118486
118940
119169
119282
119362
119450
119546
119690
120186
120609
120789
120919
121474
121577
122031
122354
122541
122647
122882
123320
123432
123653
123788
123960
124182
124305
124387
125028
125473
125651
126089
126387
126472
127173
127748
128748
129748
129963
130515
130814
131552
132552
133029
133159
133772
133848
134019
134252
135013
136013
136218
136885
137071
138071
138390
138565
138779
139048
139290
139916
140013
140672
140874
140948
141109
141254
141664
141810
141986
142189
142337
142774
142974
143076
143205
143345
143600
143841
143951
144026
144149
144453
144803
144965
145128
145333
145472
145593
146005
146157
146355
146461
146932
147016
147165
147313
147405
147583
147761
148208
148358
148641
149170
149867
150514
151514
151738
151896
152031
152169
152820
153417
153980
154136
154765
155179
156043
157043
157659
158221
158590
159233
160010
160725
161090
161380
161844
162064
162414
162510
162762
163192
163343
163870
163940
164215
164522
164661
164819
165023
165310
165513
166513
167063
167806
167885
168516
168603
169603
170603
171603
172375
173155
173305
174305
175253
176253
176846
177578
177656
178656
179656
180656
180980
181980
182980
183980
184980
185980
186980
187980
188980
189980
190160
190491
191491
192491
193428
194180
194369
194826
195150
195337
196263
197263
198263
198884
199884
200639
201064
201751
202058
202828
203828
204828
205828
206828
207828
208828
209437
210437
211437
212437
213090
213835
214306
215306
216306
217306
217676
218676
219333
219727
220001
220460
221460
222214
222655
222916
222988
223066
223367
223880
224144
224214
224276
224293
224374
224662
224837
225067
225659
226033
226301
226557
226887
227148
228148
228480
228877
228949
229949
230467
230771
230866
230882
231265
231430
231482
231593
231906
232645
232947
233391
233568
233636
233727
233829
233918
233943
234011
234076
234146
234267
234333
235097
235173
235268
235343
235758
236187
237187
237697
237929
238376
239376
239390
239756
240497
241497
241868
241961
242029
243029
244029
244700
244746
245746
246746
247255
247601
247965
248965
249965
250427
250472
250558
250667
251275
251878
251951
252951
253374
253489
253556
253630
254630
255630
255687
256687
257687
258687
259687
260687
261687
262687
263687
264687
265687
266687
267687
268687
269687
270687
271687
272687
273687
274687
275687
276687
277687
278687
279687
280687
281687
282687
283687
284687
285687
286687
287687
288281
289056
290056
290469
291383
292383
292426
292648
293648
294648
295648
296648
297292
298292
299056
300056
300380
301380
302380
303380
303900
304900
305900
306693
307197
308197
309197
310197
311197
312197
313197
314197
315197
316197
317197
318197
319197
320197
321197
322197
323197
324197
325197
326197
327197
328197
329197
330197
331197
332197
333197
334197
335197
335219
336219
337219
338219
339219
340219
341219
342219
343219
344219
345219
346219
347219
348219
349219
350219
351219
352219
353219
354219
355219
356219
357219
358219
359219
360219
361219
362219
363219
364219
365219
366219
367219
368219
369219
370219
371219
372219
373219
374219
375219
375511
376511
377511
378511
379511
380511
381511
382511
383511
384511
385511
386511
387511
388511
389511
390511
391511
392511
393511
394511
395511
396511
397511
398511
399511
400511
401511
402511
403511
404511
405511
406511
407511
408511
409511
410511
411511
412511
413511
414511
415511
416511
417511
418511
419511
420511
421511
422511
423511
424511
425511
426511
427511
428511
429511
430511
431511
432511
433511
434511
435511
436511
437511
438511
439511
440511
441511
442511
443511
444511
445511
446511
447511
448511
449511
450511
451511
452511
453511
454511
455511
456511
457511
458511
459511
460511
461511
462511
463511
464511
465511
466511
467511
468511
468524
469524
470524
471524
472524
473524
474524
475524
476524
477524
478524
479524
480524
481524
482524
483524
484524
485524
486524
486595
487595
488595
489595
490595
491595
492595
493595
494595
495595
496595
497595
498595
499595
500595
501595
502595
503595
504595
505595
506595
507595
508595
509595
510595
511595
512595
513595
514595
515595
516595
517595
518595
519595
520595
521595
522595
523595
524595
525595
526595
527595
528595
529595
530595
531595
532595
533595
534595
535595
536595
537595
538595
539595
540595
541595
542595
543595
544595
545595
546595
547595
548595
549595
550595
551595
552595
553595
554595
555595
556595
557595
558595
559595
560595
561595
562595
563595
564595
565595
566595
567595
568595
569595
570595
571595
572595
573595
574595
575595
576595
577595
578595
579595
580595
581595
582595
583595
584595
585595
585654
586654
587654
588654
589347
590347
590417
590699
590725
590899
590954
591110
591426
591543
591637
591683
591806
591875
591957
592062
592982
593486
593537
593607
593678
593738
593970
594375
594427
594481
594595
594678
594748
594808
594866
594931
594955
594983
595038
595081
595139
595205
595264
595326
595389
595411
595467
595521
595599
595626
595685
595800
595892
595928
595992
596046
596146
596172
596308
596335
596386
596445
596500
596546
596710
596755
596810
596840
596893
596957
597008
597052
597134
597184
597272
597297
597322
597397
597452
597494
597521
597575
597627
597679
597724
597799
597851
597913
597963
598016
598068
598133
598228
598286
598334
598387
598407
598475
598532
598591
598651
598696
598823
598885
598922
598973
599008
599059
599123
599171
599217
599266
599318
599365
599418
599451
599501
599563
599614
599637
599676
599762
599858
599894
599926
599958
600009
600059
600100
600158
600209
600247
600285
600338
600407
600454
600509
600564
600684
600717
600840
600876
600954
601008
601095
601156
601181
601210
601237
601297
601394
601464
601529
601617
601781
601804
601846
601905
602014
602056
602125
602197
602243
602424
602456
602501
602557
602578
602589
602602
602612
602623
602637
602695
602827
602894
602907
602937
602999
603018
603046
603104
603164
603172
603211
603255
603306
603379
603415
603537
603694
603743
603852
604852
605852
606852
607852
608852
609852
610852
611852
612852
613852
614852
615852
616852
617852
618852
619852
620852
621852
622852
623852
624852
625852
626852
627852
628852
629852
630852
631852
632852
633852
634852
635852
636852
637852
638852
639852
640852
641852
642852
643852
644852
645852
646852
647852
648852
649852
650852
651852
652852
653852
654852
655852
656852
657852
658852
659852
660852
661852
662852
663852
664852
665852
666852
667852
668852
669852
670852
671852
672852
673852
674852
675852
676852
676970
677970
678970
679970
680434
681434
682434
683434
684434
685434
686434
687434
687625
688625
689625
690625
691625
692625
693625
694625
695625
696325
697325
698325
699325
700325
701325
702325
703325
704325
705325
706325
707325
708325
709325
710325
711325
712325
713325
713459
714459
715459
716459
717294
717557
717801
718002
718126
719028
719282
719727
720727
721727
722083
723083
724083
725083
725519
726519
727424
728424
729424
730424
731016
732016
732675
733675
734087
735087
736087
737087
738087
739087
740087
741087
742087
743087
744087
745087
746087
747087
748087
749087
750087
751087
752087
753087
754087
755087
756087
757087
758087
759087
760073
761073
761639
762639
763605
763859
764808
765808
766808
767808
768808
769808
770212
771212
772212
773212
774212
775212
776212
777212
778212
779212
780212
781212
782212
783212
783946
784946
785946
786946
787946
788946
789946
790946
791946
792946
793946
794946
795946
796946
797946
798848
799848
800848
801848
802848
803848
804848
805848
806744
806898
807583
808309
808393
808481
808591
808653
808725
809003
809373
810373
811373
812373
813373
814305
815305
816305
816952
817952
818952
819952
820952
821952
822952
823952
824952
825952
826952
827952
828611
829213
830213
831213
832213
833213
834213
835213
836213
837213
838213
839213
840213
841213
842213
843213
844213
845213
846213
847213
848213
849213
850213
851186
852186
853186
854186
855186
856186
857186
858186
859186
860186
861186
862186
863186
864186
865186
866186
867186
868186
869186
870186
871186
872186
873186
874186
875186
876186
877186
878186
879186
880186
881186
882186
883186
884186
885186
886186
887186
888186
889186
890186
891186
892186
893059
894059
895059
896059
897059
898059
899059
900059
901059
902059
903059
904059
905059
906059
907059
907762
908762
909762
910712
910940
911493
912493
912605
913524
913926
914926
915926
916926
917926
918926
919926
920926
921926
921998
922044
922138
922711
923711
924711
925711
926711
927711
928711
929711
930711
931711
932711
932856
933338
934338
934644
935301
936301
937301
938003
939003
940003
941003
941814
942814
943122
943208
943623
943726
944726
945726
946726
947407
948110
949110
949991
950991
951991
952535
953062
954062
954207
954655
954789
954887
955887
956887
957551
958551
959551
959765
960765
960872
961872
962049
963049
964049
965049
966049
967049
968049
969049
970049
971049
972049
973049
974049
975049
976049
977049
978049
978820
979742
979829
979992
980080
980488
980566
980657
980729
980817
980911
980974
981219
981247
981553
981743
982743
982781
983219
984219
984457
985187
985609
985739
986739
986853
986861
987861
988861
989861
990861
991861
992861
993861
994861
995861
996861
997861
998755
999755
1000408
1000683
1001352
1001494
1001726
1001939
1002202
1002353
1002572
1002733
1002996
1003268
1003720
1004720
1004826
1005826
1006029
1006511
1006894
1007113
1008113
1009113
1010113
1011113
1012113
1013113
1014113
1015113
1016113
1017113
1018113
1019113
1020113
1021113
1022113
1023113
1024113
1025113
1026113
1027113
1028113
1029113
1030113
1031113
1032113
1033113
1033776
1034742
1034821
1035163
1035377
1035488
1035539
1035642
1035864
1035940
1036145
1036283
1036344
1036526
1036700
1036902
1036983
1037154
1037293
1037374
1037437
1037485
1038468
1038753
1039208
1039568
1039788
1040024
1040315
1040589
1040734
1040825
1040962
1041132
1041296
1041441
1041499
1041681
1041779
1041949
1042261
1042483
1043138
1044138
1045138
1045452
1046452
1047452
1048239
1049239
1050239
1050360
1050622
1051622
1051878
1052172
1052808
1053568
1054453
1054598
1054765
1054850
1055267
1055635
1055922
1056101
1057101
1058101
1058875
1059875
1060875
1061788
1061914
1062495
1062562
1062745
1062872
1063064
1063296
1063493
1063864
1064133
1064709
1065709
1065980
1066980
1067980
1068980
1069980
1070797
1071343
1071599
1072346
1073090
1073323
1073938
1074392
1074793
1075009
1075465
1075580
1075701
1076042
1076384
1076811
1077022
1077143
1077614
1078162
1078324
1078391
1078600
1078747
1078820
1078862
1079097
1079250
1079671
1080155
1080585
1081585
1081773
1082334
1082450
1082575
1083030
1083933
1084117
1084270
1084483
1084547
1084731
1084791
1084920
1085063
1085282
1086282
1086438
1086509
1086731
1086889
1087282
1088008
1088396
1088577
1088682
1088739
1089739
1090223
1090472
1091146
1091465
1091561
1091658
1091766
1092111
1092356
1092407
1092583
1092660
1093269
1093523
1094290
1094595
1094825
1094991
1095991
1096991
1097991
1098991
1099991
1100991
1101991
1102991
1103991
1104991
1105991
1106991
1107991
1108991
1109991
1110991
1111991
1112991
1113991
1114252
1114567
1115567
1116567
1116657
1117657
1118657
1118902
1119902
1120902
1121902
1122902
1123902
1124902
1125902
1126902
1127902
1128902
1129902
1130902
1131902
1132902
1133902
1134902
1135902
1136902
1137902
1138902
1139902
1140902
1141902
1142902
1143902
1144902
1145902
1146610
1147610
1148610
1149610
1150610
1151610
1152610
1153610
1154610
1155610
1156610
1157610
1158610
1159610
1160610
1161610
1162610
1163610
1164610
1165610
1166610
1167046
1168046
1169046
1170046
1170181
1170578
1171578
1172121
1173121
1174121
1175121
1176121
1177121
1178004
1178132
1178736
1179736
1179785
1180376
1180462
1180547
1180583
1181097
1181288
1181564
1181667
1181830
1181914
1182914
1183914
1184914
1185914
1186914
1187914
1188914
1189914
1190847
1190918
1191207