157.7437381308008
64.18199763894974
82.89815612801917
64.00262243397421
110.70448794564071
92.00639090245507
72.65276815624104
82.34785870997433
100.87540521129897
101.42942949248072
45.36447185572608
35.500191999605754
35.988164288038384
26.928007748454316
35.44278602431208
35.26400542097612
35.47571833092347
35.213265483640775
35.39838300100826
26.878940819623867
35.373516011041445
26.9430070179449
26.820661887686086
35.21289627819917
35.41435758428777
35.256377709463095
35.438771937640624
35.485706718784584
35.21266881818241
26.910728959835275
35.28532680708865
26.770956208972216
26.909810179572887
35.676328161898766
35.50458405512373
35.2401506192889
35.40475156997198
35.46444265934182
35.28661748236086
35.39637506048862
26.904588713041022
27.008049592975546
35.23177465035276
26.869297997260645
35.23752388956996
35.430980814513546
35.38501518475814
26.80269122196559
26.96515575533528
35.18127536883404
26.87513402417244
26.970778870872053
35.48012103831891
35.149816384954676
35.45054909578081
26.830676562184905
35.46247858865413
35.222836306111354
35.3044463213483
35.32869975163519
35.28103880701406
35.20843971973157
35.503465446629484
26.892411068452997
27.001220991278515
26.775541525521895
26.892762913405356
35.43797291598526
26.988281528475575
26.947212446090415
35.31982165304372
35.434764939592554
26.854164571356545
26.851219720974967
35.32855626309729
35.300019163347784
35.539601025740325
35.23910782755245
26.85359813417782
35.64614130826695
26.896858716263985
35.570199119028985
26.85212756400104
35.410827059493094
26.969490638877197
26.921969087227197
35.436303218173336
35.71445098937761
35.677101430400995
26.958511899030114
35.57271188924162
35.3253051092634
35.46444531538131
26.985039330080536
26.940853655383787
26.955889413781023
35.42960937930208
26.94961852647906
35.52706245513144
35.52622876576595
35.35218261392044
35.306457115914206
35.23128977070983
35.4700548201657
35.31708615033507
35.46131672345044
35.37892163015273
26.812743906837156
26.883598867854303
26.860334654857
35.395188088646385
26.801316026406838
35.531915308963576
35.52155169851797
26.973692614888165
26.90173496914232
35.237545187032495
35.34509077656108
35.18494162547455
35.356341617602126
35.2608283895234
26.82284094542642
35.383298459356126
35.35333417599834
26.86715200745237
35.29084419197953
35.39384711233416
26.927191215068028
35.41613437624866
35.27790299347191
35.2592428983087
35.50600598979796
27.03746970611199
35.29671530236568
35.44735753712003
35.43529612079018
26.845790994091956
35.343308186716044
35.349419263385705
35.421688042894225
35.30052851702983
26.888510201801818
35.412753768262355
35.484320544625014
35.38421249871646
26.938456963492815
26.906048140832695
26.935194343424723
35.22779457470427
26.94561513992013
35.611999163225235
35.24211816666969
35.346959083444204
26.935439202612724
26.94764038073175
26.90997506227579
35.361582192193424
35.43078379903437
26.974409077243372
35.36631558823874
26.897980925807037
26.973449050453677
26.936792166700442
35.35696971198169
26.880350591103678
26.908511263551283
35.541818382566355
35.61778019378904
35.26779881767855
35.313018816717836
35.49489622316078
35.226417606607924
35.44394996964362
26.963390711651606
35.380527744908036
35.27351121144518
35.43069385000928
35.3768973902515
26.954587563349882
35.2607832869355
35.35618718656295
35.32740505461368
35.34641046160727
35.45113908501528
35.76301699536428
35.66555198389957
26.798976406778664
27.012972997715085
35.24428724085439
26.852925521940882
35.29293425201482
35.60424166503039
35.15962712970789
35.27957280363452
26.854784281539253
35.19100658860308
26.924501983404618
35.27603049251396
26.947107523476234
26.924159954676085
26.84248060465418
26.942344095191913
35.3418634935972
35.10254492808393
26.89792277390793
35.534461803123044
26.965057442080223
26.90173218604624
35.35693115503947
35.25611253534795
26.86838077811492
35.302466804552736
26.781448691426494
35.4649203023294
35.16001372186046
35.52107374371766
26.86263273784986
35.288797571397225
35.332028070544496
26.7441791931923
35.56225604833507
35.38627109879616
26.964879405913607
35.50022828039484
35.39000125951079
26.89520986663261
26.88999763027056
35.24472111936481
35.397442923212374
35.43859441350768
35.248655525392294
26.8839451614279
26.86656148045036
26.957679478636624
35.40880695365558
35.33577192489875
35.411296984451354
35.32178324896071
35.36635633037412
26.95174474500386
35.512905830592956
35.45725692033081
26.841334126781888
35.2586577057921
26.8308251900003
35.329646047728275
35.38973526913672
35.16595826388333
35.189407862388194
35.397380562854295
35.331981406197265
35.34773693144241
26.97170153962993
26.930785985146915
26.919144585981897
35.73495887144611
35.23098023119341
35.40721940927987
26.892653127757683
26.91615899763907
26.883100297563075
26.986374761814545
26.97700200446271
26.870408362840923
35.224509984904635
35.24165206138338
35.38597436232458
35.29023466986544
26.836437494549514
35.21104151553742
26.881224772353562
35.33875861975348
35.43266251004951
35.42974617452176
35.532094739155944
35.20563910925724
26.86599765362621
35.50376293889732
35.51918747680382
26.8914551877112
35.59354207229954
35.186030237533814
35.356114658883655
35.56568677645767
35.267089272921815
35.29461974782704
35.32430361347856
26.921872030627952
35.42375265055008
26.85227438611038
35.49688099541718
35.7984168044027
26.963977852320156
26.90233406240002
35.38653610589897
26.959857871998388
26.879078158178395
35.37988043017791
35.62171694074981
35.39853508282997
35.30672976563104
26.973553322604825
35.276107462721896
35.54342116329536
35.193091044797214
35.35910464011659
26.899145090199642
26.97600320592671
35.403620683591555
26.96510949450544
35.151625460046574
35.44300075626219
35.24000523397065
35.257142365579355
26.858689921417422
35.50603806646903
35.26976291460886
35.48073104103995
35.49395534251801
26.92968090222098
26.84336102178758
26.898905899067422
35.325773234465686
26.99614804601761
35.32857647560218
35.339124258465475
35.28531268450011
35.61245327519916
35.33166368671134
26.885189622956084
35.358937298305335
35.30074767449143
35.38998982991696
35.40253101121584
35.605988739277784
35.315354695122956
35.341172060028896
35.25760918045573
35.42580452667855
35.61790339895353
26.84021707693897
35.77140848047673
35.54292007418424
35.386896363470555
35.27081294584023
26.964633593026416
35.40333190251333
26.795926239593804
35.262815232156385
35.244939984512975
35.565240379443296
35.4519685425626
27.000183935228424
26.898335236660635
35.56859971453239
26.846272131775926
35.4608972631221
35.59822923806558
26.849569331288627
35.47356302877553
35.36582651713729
35.384330145385086
35.526181780226125
35.494691537388725
35.25237493260243
26.950353714370493
35.20877957456675
35.3207226544219
35.430350901918736
26.860443580966923
26.87646653821478
35.5574850904866
26.893676543431837
26.85051022318155
35.318932903880714
35.66894522927045
35.30176663513684
35.242025469008254
35.490027188206234
35.49661890650282
26.933805355818595
26.957962307425404
35.35108660126319
35.34304906148398
26.968434613757346
26.932791444163136
35.47805562392561
35.21797663622321
35.56494340781363
26.96428789348257
35.212698396341814
26.9157900479178
35.262721689661305
26.823729276600517
35.48160470481884
26.92655578090195
35.30445169805222
35.27070962408245
26.858490234017452
35.70783833672012
26.764325745462337
35.35143868363957
35.41341453568834
45.15238160572192
35.26068116857686
35.135981755221636
26.85666984623665
35.50688705312942
35.64354987062065
35.35374908665118
35.37068070485905
35.46696297618029
26.93079873718316
26.960915688287844
35.34405899478395
26.862347469420232
35.35642190167951
35.13549630528656
26.951690191399294
35.4611977194286
35.50647581260891
35.64201369886702
35.59224352415211
35.83908871395104
35.96114502827177
54.45816872099208
81.90379691876392
82.19445979266618
63.495167281226216
54.421344105025426
63.73568079808988
63.73629311458425
63.82118190477339
63.71099939725929
73.40483717796971
63.85730554140374
63.515512366751736
63.038226314584456
54.26184630180162
72.8707900142074
73.10683849431541
63.67835992576367
63.37591493639579
73.67200235487769
73.73159820088532
91.81144457460766
73.25470561664945
73.12230584255967
73.18706196410145
91.70893203595121
82.77965979631983
73.56834762300504
83.09688395030034
73.25046937420865
82.59306400552663
83.02160266193975
73.4857320011238
91.97785489002348
73.15089725172801
92.186820515362
91.76717397242226
82.76011675093102
91.65809060675721
91.97636325062199
82.68266186657684
81.84806655336625
81.33300756551407
81.0686668182243
73.13867216307506
80.54231275465509
101.29270583577197
80.97445999551068
90.77738942272133
91.45915070815812
82.70037673883135
82.87658264067217
91.1987477980848
82.44741783265795
92.10462028047527
82.71487862118201
73.10233422585621
73.75704978352258
101.10807645899109
81.94895914834773
82.9599739481218
82.47514274576685
82.26214037190016
72.48181840656125
92.34587773535773
91.83931779255525
91.84095170007788
91.94634636174783
92.31029979594575
129.35854114004988
110.63672567228258
100.54493755686707
101.2016858195306
82.78817954219392
120.49875895771682
129.713751610509
101.20776888194048
110.97663604892323
101.82056468588281
111.01070261603215
83.01586621054705
137.90695627415556
101.78740122009646
101.58475840377592
139.1579881163262
82.5913347044559
101.93369325310438
120.69661212268743
110.93969816543027
147.72120353272769
129.49038634154002
92.56896436868497
110.67734676474133
111.16207712601836
129.63164339867467
120.31047576209525
101.52078549234389
92.188527802727
129.5881746750131
203.3577900192162
82.88699407227571
92.11881831588654
138.1497209416183
110.85457753397066
111.3474646592806
202.73666111250063
148.4756619180312
92.26869236436531
101.65933847411189
120.33307767622348
110.89153971089006
193.2691800453226
101.73384050709826
148.54494137692242
101.61423385737946
176.7664938894377
120.46686345878027
82.94911060630967
110.55766614133645
138.8162886671648
139.30177539803336
167.08226171115507
101.93101793429429
92.25097863764887
101.92435827990685
101.6147910523383
158.1652459072142
138.44162063290602
83.22163541861588
250.54004339741508
195.39066736490958
129.9201718075023
92.43141919491482
120.65078691472986
120.28359067988843
110.85091440976575
204.12365895292027
101.73376881720773
203.38641084183266
92.46550251783094
92.24473046954449
195.20360608981014
174.85560263121027
157.56821428547238
129.3788070045501
129.68112104247984
138.75956898348963
129.56530568333844
287.4338659052768
101.44853408660934
101.33728834944972
166.79968337186415
120.33070380336122
139.3333807522701
185.9389096124988
111.04791643640905
148.5185537815956
148.32182465680182
120.27284428405355
139.2035081274545
119.67725366920939
138.17903122463787
166.85777738517018
147.5276199601285
120.34182749208142
232.55827514200922
278.0526343030147
167.2246764303832
101.80546773643192
148.43987946120515
185.53787589266108
353.6064939828158
166.85932546129166
138.87113398738518
194.43922402375787
251.01489977172983
410.33864758017506
184.95737338925932
175.97567872604623
315.9884817146965
353.756072210778
176.48581875366742
138.5336241872399
240.69737630114417
138.58026689668446
204.0817917092515
148.16907048190305
212.93022543074503
119.92038568433959
139.02200296132125
325.4838465201056
148.27399415849706
362.722059988895
101.87965478629383
120.05829220352229
92.40454197746908
138.64691332030108
157.52013964715746
156.7685728438305
185.18319921115616
231.31277255326575
166.9228294950153
371.86160725679855
101.60002631383495
129.38370314940602
129.34255395616276
204.41504009574493
222.49086384962254
325.07580661261636
138.72906919750397
129.46817069818297
120.37971308492064
176.14001848617156
101.56226920321407
250.42352460163838
222.57979890956665
129.60274628823655
176.27924724556215
391.49909070220747
110.77733303176903
157.75330268147488
129.46699800547213
120.12829580175914
279.4639779869542
213.63754583381842
166.74675808246465
297.49530973587696
157.72783942401725
129.80870236709313
204.0620902936518
410.08334961071927
194.44399302370184
306.9428039264648
194.5506372947558
240.97770420091356
157.4346433678682
176.26120777468986
129.60503587376846
110.58317718376256
194.51426809201388
278.7768725937733
213.05151894171826
203.1674773386399
213.11887398359528
222.79413763390374
334.9616612670368
232.1429982134657
223.1815826189675
157.16711243809021
194.5684635765669
278.1678092836926
213.4393943806748
428.03478166004544
193.36971412352023
222.4409726654419
287.5777813061452
240.90169375868487
286.7108378251261
371.3396200949072
211.8558254630849
193.34611722940417
268.8571536367107
250.59447344600125
325.6261992370086
287.56375067038994
315.13077766365154
204.00654577938778
343.2552229753934
353.4071800675857
230.09018945415065
409.7277771284022
241.29893786971144
222.3709897248401
380.701356884998
240.88471295592547
213.2302850724503
278.59640247703123
315.31458838987186
334.3246882576966
417.8544501415277
240.11373954415237
297.13975990336957
324.70106353503377
408.79970589847187
353.36771248628327
287.8062424443355
212.41756119562905
287.22803828569255
249.5722979291886
230.86592888103286
426.8780617520891
287.39614275100644
306.338447947788
446.55001630996946
446.0937337645769
342.98031011872405
221.55467818589324
474.1488036378668
287.50809377204945
296.8590326702128
240.24743169440444
268.5014520544659
222.0365838048974
315.0327723935917
361.7456629386927
399.5263395217841
371.8292007704423
278.5866093559297
259.7345227302955
399.78322339452
278.56192881521184
334.8836506900898
455.9698435787179
333.561267374115
278.30434922981834
437.470296426205
540.2803946125208
409.81486970743873
306.09203803704935
240.36608382079626
268.28281078341905
371.7508766195717
334.24524790622894
315.59331131645456
288.1659776802553
287.97986376101255
353.6374964864013
456.35460018068665
352.99516777268224
549.5409608185554
278.5742729288815
353.509548395057
222.45147419717665
400.0637560610656
316.05214690712046
456.185780686804
334.332712621187
446.5052909015045
465.67807993812914
465.21167533444486
325.00699268015774
418.41197195617866
381.072341709728
381.84755050624426
344.245859485308
353.1577573987497
288.10128718893867
240.82699127467066
559.4524091334985
334.8359831285137
409.5804361846703
268.9100770044511
596.8706045674401
363.031414739845
550.051535028586
400.3504136115857
512.4915173691218
466.0805964102502
372.2398130187405
493.58857929831385
494.1405004359811
681.1487731727334
325.6427194721699
269.24809255822765
503.2676145123058
493.78626105939827
708.9791478119421
783.9223081353203
390.8805361293531
334.5703858386755
465.8398575106282
512.3311751053449
596.7268325317245
821.3974012650875
428.7162740724524
297.4876212961016
493.62442032587785
250.21149144117476
484.3140666414201
484.9905886716473
391.18727779475074
418.75743976070476
437.2863864247997
1436.9480403728573
634.1055891373636
568.3774179270421
260.0114011696614
325.57028242882967
531.19906387164
372.0801826637119
886.795130461586
942.92262069907
530.9921664506189
484.6805347333877
475.3500691608629
1083.3714745816928
465.8175219204475
1718.871424886141
418.76498458202565
540.6161042388367
905.0826289758413
503.0684803355888
315.878462195148
680.6873270348785
390.77682385097836
306.91651762129277
1354.5701301878435
1625.4175615003257
1775.1009085402004
727.7975504646982
783.5176876750072
2159.0343295741436
2589.16519946661
9354.420297143604
9353.76555678034
9353.299856253096
9353.476758976607
9352.240844258316
9351.848434258322
9352.425994857125
9351.827841529257
9349.964406991336
9346.993433679285
9341.354281275884
9337.538097916331
7288.36865059038
9333.930100946112
9333.516295741196
9333.325757277144
9331.156929431636
9329.76846365195
9328.837123492307
9329.78350284505
9326.854105300854
9328.388398940937
9329.615892938651
9328.287194712511
9329.117640092585
9326.704853670964
9328.374763377855
9330.510006011385
110.56171790346883
109.43072440299223
9329.595853065783
6847.344915607718
6650.547253346321
240.2440341480328
380.9149375098379
325.18201544478865
118.20643027239898
2534.923448728221
64.03329801958904
3380.9789588710705
473.76959423911046
1892.1846845489074
586.3407790977576
1462.3667014662622
3972.021521822516
557.7386412152275
492.84679593871124
446.50581638607133
1295.7472624039929
549.0542829488918
501.8443201315772
82.52851623638404
277.2902332822309
408.38452734800745
763.8599177370686
511.24828754900676
408.86341560735127
576.93013713884
427.7154341688361
708.0037494044605
986.9961607195161
492.92607674216345
511.73961870893675
474.1208321343783
577.3288221929706
558.0401722046802
408.83558576003304
567.3714037425723
492.53029167070525
408.6931686584383
352.09653347508674
623.6349809708968
548.4090557571816
492.9534680527168
418.5104017032357
464.5956886435945
520.4329457131392
473.73239942561617
530.2249316339454
483.29795447291895
474.5855517080656
529.833246224474
446.4682721283733
455.62680672180085
455.84584791895685
539.6149726046033
549.3943710022072
296.7001033371888
604.5138916849888
202.30417164745649
548.755477228109
520.5082381109027
623.6779386874737
520.7558879730483
539.371178907834
539.7394038170836
427.5383184740914
614.6224575118825
418.0988211786709
417.2354770723399
399.4033935985978
745.593881432803
408.1302959321721
165.45156317170338
576.7489251995335
772.9344092814546
549.3924929949246
520.9338219540152
613.7917306549012
474.22412175914906
557.6446470422301
147.18596057974398
604.7118055487902
418.4783257092911
539.9233686005814
464.62049545635085
511.6321298630766
931.0509138850856
492.95132428574175
764.0728948793886
474.2974342498657
539.7312932489132
735.7965494579336
155.72063258450805
828.5260944035077
808.8800798008333
782.0123472412974
791.7151502506581
614.102879781723
576.8073867418833
530.8048298552887
697.8356899242392
529.8502811738304
464.63534711476876
1247.356581139677
5494.040719108893
5653.416059528135
521.1610200927868
632.877578437148
689.340804603415
4328.0917354321555
9329.206150088916
9330.96360138984
9328.941086925863
9328.774407089188
9328.369863746966
9328.33440496575
9327.987327627914
9326.581926239554
2647.384219338628
9327.129885080029
9327.49993998204
1042.2342889908907
4026.035882707828
4679.519263615622
1321.2009240101286
3122.2756733801325
5312.991590499603
3092.6988715694783
1125.9908937207836
630.4055587834195
2740.233998596554
2095.9596114859382
2431.992280047992
1378.8071849743974
1295.2017837932679
1207.8700891664478
1116.2615965280786
2899.0979864041856
6273.06890824197
4128.989786990212
1685.6050113279014
809.3928918840633
959.0428485615982
1275.9427912993453
3420.280351199032
2589.193069603315
2776.532939699518
1786.959331518504
1052.251168264501
1862.8032479302265
809.0458464356304
856.5287531072742
1051.7254946747692
2731.1526328763207
661.341746976225
754.2845366905776
530.2679557831352
1937.6526145738787
538.7483186992052
735.354385316746
586.109646697139
623.2398695430219
791.3797192758144
884.4099226069523
698.062883770783
697.9481222104178
529.4042256591405
558.3293997928502
594.8849637997882
697.1550483118799
791.5713680413411
781.5422308915198
651.3974999105187
1183.1239957251223
576.335803536076
800.4249273315085
856.1867996087012
1181.5056893014348
734.9402139512307
912.0144809156241
623.2983030838478
614.3278159141908
483.3600314173297
753.3304621178802
651.0564349752979
744.400781650334
473.64214093842264
501.7139297968289
706.8217431870547
613.5543677214292
828.2694697531456
632.5517512188387
790.2652582927855
828.5348302596847
987.1451698965179
883.7825226452817
557.9928658799232
651.4459494571538
1370.0145915553035
1397.126688423303
847.7392845492276
632.5484208219157
688.3273470746651
829.3029487532763
875.9591936246542
894.0382949003352
454.61471960131905
743.9750112363861
1164.9628484648133
753.5860854280877
1508.6825354902048
838.2695133544794
1333.0204912530455
1061.8315892420826
632.8410250387875
1463.115829312509
1238.3126099032802
846.7310511073116
968.6597531698529
1527.4832041616141
1452.9389799471369
837.9251231518863
735.3825904581104
1164.5969931087416
2164.0400396975197
1014.5625106186726
7802.639938588271
9347.61378375381
9341.144780650984
9345.83385243084
9346.737288012097
9348.457620294104
9344.42217846685
9342.615758957807
9321.109465627826
1972.9223426940634
9343.008299284329
9321.44890147977
9341.783475594984
9338.706814597519
4771.363790114922
9339.532285699437
9338.512297602236
9329.747356108279
9319.9997879929
884.7395522151608
1025.4634765866551
1211.370244011708
539.3418471945607
1873.7747952482966
1264.8153938893688
670.7134827536878
1136.5579011251941
1873.6440436971925
996.4489604844568
1351.5545319776845
949.3434256224107
791.8605603043895
1947.7759929324409
875.8277349885425
511.403923299579
781.1675110097223
623.6560032471002
697.7455880583561
836.917753669287
753.8441594787934
717.0811381142516
1415.967259198221
715.7537986629011
408.3912409079599
613.9844985895826
764.0699824141767
670.1267794271973
773.0958303815548
587.0040325056572
745.537558488411
809.597011695116
846.7355872259465
474.0442649839714
660.9811356037516
604.9619788803313
669.3339848927302
502.32752736677634
549.1797484819645
558.7838359697756
483.2474034590459
1089.6907867352443
483.77572198108874
771.9144424284495
1275.0406348761205
567.414808374396
586.931621052941
595.9811531715419
511.523223908037
660.4723936844541
577.5833845738356
484.54682690054693
996.6539960005848
829.4290520512648
567.8107635239269
633.0179323488495
511.27702575170264
474.52363855477097
521.0019203037622
558.2071628192664
237.23529415563053
567.457358927796
567.8509083872323
567.8348280063306
557.9509526344987
631.8867007331206
688.6970118587177
445.94545828681225
679.2843309706134
725.6886177227497
548.7940214045364
520.7383293082773
456.014590638346
1042.6072427310767
1015.095517358861
567.7311124334462
409.1430056426111
493.2404243577025
465.14224136978925
418.4882376046721
707.06962611328
417.87976944862095
530.0333456721688
519.5866242502283
688.5333445890616
576.9672085675459
660.0104928231909
492.2677303701457
715.8826859146486
455.5721794414656
492.213299448029
799.4463716844075
1320.8058599575595
511.6998315081715
474.2490431389232
651.7252355212239
511.5047349105996
399.716350714175
492.91543890904876
679.982650561684
697.8966196554348
521.2745568421258
418.35983752242055
446.04249742261396
455.5902293645713
474.6787978630748
614.480981530666
567.6862250873982
641.7451742729897
511.7427423964356
642.1582541112984
501.9503984734065
511.400360487651
483.2182439906454
959.2839505590023
604.5592519287877
464.728558646149
623.0792760248511
641.7404230047719
539.8281236912699
492.81226565269833
539.3767813604028
707.6081826458058
436.9210826462619
493.2881428782398
399.2464480688087
492.5505971258995
474.48667651681524
389.7531291820751
502.3904617629505
474.002651913197
455.3126131872889
772.4525667114011
483.1805621841651
502.02223947145166
576.6094172425492
808.4492907859861
436.81624400631335
446.1027128165444
502.21083870006987
632.3450192889338
417.99598679022006
594.8014134021525
510.619731417804
530.2348521542499
539.4654917555533
492.4288712482888
828.4362399004883
408.6026289738661
576.691013374759
474.04361653800896
501.2706827714251
464.6561865173036
623.0196326272293
530.3340100290804
576.933861419865
380.45928090214477
399.12486484497754
473.1715400925039
650.6110550161699
697.9132231616599
539.3352602451987
436.3298242782639
790.5447385752052
408.540896794976
155.9990417773913
548.7876501085119
660.2421155027532
586.3034138337637
446.5546806597111
688.5419353584756
463.1250256249881
577.091406998141
455.3763541174663
483.0728375284179
613.5403223080272
426.93464491044705
455.54765056507887
650.9981903741145
483.7082271280799
520.815750833278
464.8134605584086
464.967653911342
380.8132569658594
352.46387603775935
427.1890286684923
585.5823178117737
493.12836994334583
660.5313548468353
511.2008816345589
548.6197462370341
660.4760800007183
623.2346663630954
437.19402892279896
520.4939186705542
557.9035849263024
446.44940539300353
493.0553631370799
548.6899286506878
399.33694654218607
520.9204598350022
492.6700722587427
538.7808595877445
437.01426189477314
417.91171521078786
399.03754789094023
595.7977138684669
716.4119329090738
557.5868135098891
548.9839066716528
501.6921381415759
501.8912643107394
567.5775033311377
436.6373033422223
529.9284916723459
688.0301387095203
632.0287922119816
474.32127002843333
567.6070877605766
418.1214440020351
455.54482247330304
520.9707239909598
492.6446271757757
474.24454585026456
613.863547193419
586.5264918143698
660.7695923149354
501.691182739291
698.0713661325544
631.5788728975604
697.5114978568758
586.3149236282695
623.0415821134286
576.3904878552614
595.1643886050941
613.7393001481834
585.4144016601725
623.5959492394012
670.3612635908797
995.5008729876864
856.653915994306
894.0872071512244
669.6365321445365
1621.4036882194034
791.2505548654093
819.2430886402069
725.4047320443942
828.6088292073949
800.9347833303215
818.6806434071319
1210.4789394734596
846.9885121137862
491.44148047306095
818.0036455089021
1107.8494784782877
725.9562909497007
1294.5962894275242
996.5000101265753
1583.7309919906477
557.5387656218438
3138.992418450828
1770.3068390585456
781.8700414572054
669.5396839657631
1061.7055009458725
623.3732843571257
1070.5339750871458
4874.534723716232
4754.217060813567
763.0059720444843
1601.5552532202107
2357.4171859603616
99.12189521367456
4827.695671384938
1863.3837730467346
687.396981401975
565.2261831210749
1031.6935434941622
1144.2812648797044
1919.576390341797
985.7425951223022
669.0112006036736
659.5656644046529
799.2411497590673
1312.246489103087
527.9803792280098
3047.2271688060887
1107.281234638631
2087.942785726442
1219.5216755057302
978.3333425872937
1863.7677858874326
1090.061191556928
1201.2743790795334
837.2974719098348
1378.993987627142
4232.092274935893
2132.7739504350125
1050.8315308638723
744.6740105286472
819.080714472124
893.8348703151753
1341.3055397493729
4620.906351553665
3941.4719275642515
1672.6519040993587
1209.748872047761
5173.703698854817
957.862886426351
4231.406760509082
3010.643289547283
1742.2938812942386
987.1907586364367
2190.8989883477657
4081.2629873342803
1041.9471095522092
2059.373935298974
1257.026241625062
1602.8499468588145
2069.185503386892
1145.2891839136028
763.0102410378283
5975.419458114771
4147.808409879749
1658.0511263004987
4082.515086642953
2777.04648511542
790.8869417575056
6535.656421907721
5360.557974119929
9323.595586857013
9324.2900372867
2003.0271369907402
5146.024186391342
2787.0413027026275
6879.635731366839
9324.318659950346
4445.110117437023
1210.6042207982243
5713.382392323335
706.7487539955164
1593.1489703752193
2169.3007182144534
7091.77643168766
9320.619801892946
1907.8369262134584
6215.899941759394
1731.967386176167
9316.129550135955
2973.4790850862446
1630.4936050989438
1994.280461659002
2506.880892722119
2253.871963619416
5834.134585557008
902.7628361606652
6144.029695848554
1880.3055818208954
688.997730869857
1499.5727016297656
1350.1070017776437
3821.177832544815
1359.9375129658338
1639.806270484437
1891.9323169478241
1379.232629254762
4074.482990903629
1863.029832416738
949.9121545391282
1201.1526068539383
1303.9662619145654
2375.8971823354977
2246.4600973409724
1024.3164135632642
698.2685858748467
1145.0472181709142
2833.4388827268685
3262.53812294874
1509.278544429386
1518.8856138956007
1910.5889585879104
1294.5890061749785
1127.5484213768152
3840.6251730513027
1416.678521495079
1845.6317670429514
986.6856693013355
4390.77276257324
781.7339759022021
1387.7621635696203
1378.0900514875368
856.5921664880668
1657.3257096573948
1658.0722501167568
4166.51208330916
1397.0865142081127
2636.8991900024307
4930.172716043069
6497.986387843589
6029.021107474685
9325.120403335828
2086.655416266176
1470.8883900920243
1256.7055994030757
1284.673019558428
6066.316364971384
5563.924267342926
5247.719981061271
1452.8804402035282
5862.020161298868
3857.84872962889
8053.416929939783
9323.82142079437
5740.145786376615
5238.919979031495
3438.4070121852483
5990.70585334919
7242.284242478338
6665.140181842868
3401.2692363688398
2700.7667889509758
4323.669032659879
2049.278701326463
3261.3041311345705
893.5767732465846
2347.1910782484215
4007.6023235526077
1405.8717654622444
4910.683913133379
650.1778436424614
2562.443128940018
2859.525994472382
1294.913499560482
1471.0409264144132
1899.4815024927234
2674.684159333878
1890.7988306111054
9322.53755688266
5124.901063376438
6924.886010783396
734.3268200338493
5880.948698272444
809.8659818407518
9321.215172704284
9321.801377408898
9318.921432479565
7192.27446340895
7269.836489068387
1396.6247597930683
9319.304864285226
8834.629208371902
9319.834331342336
5524.315895265725
6819.3007488065405
725.5443021655273
9318.15139792626
9319.238461288303
9317.954849008387
3016.8846246401417
9318.751715747423
9318.77210395218
9319.654265654777
9318.936224430227
9317.096545347229
9317.918346149552
9319.129704762698
9318.256107850828
9319.683679634054
1676.0613628563324
3082.7345289309114
9320.19479705613
9321.415344370353
8729.169752094618
7004.880014474344
1758.982957086472
4256.576651410344
3017.0745380977537
1740.922799434385
8624.374215447393
9318.429807335066
9317.938581294544
5783.690193845998
9317.037512281046
7032.355594191516
3958.958366707664
6397.587680326098
2857.6808155757335
7173.990727298322
9319.083870545612
9316.712351799482
9318.958237832887
9318.015760806768
9319.318277125596
9319.381630167363
5672.81734014212
9318.875418150323
9318.95641099311
9317.201543922505
6084.8468023799005
6939.050090888196
4388.056126074269
9319.466183869388
9315.251572955884
9318.610023441803
3446.539793298882
9316.148285231322
6119.543511364174
3668.6723837889463
2550.4232062910028
4274.898855054571
9318.073809694799
7024.490991231608
4107.460448539195
2429.506078077304
669.2299340851249
724.6581848764276
2802.66211663587
4777.38438724352
2458.3045693089043
650.7425536479834
575.9333589198319
156.1260662379385
753.0414067091572
2681.3820753130112
1629.2649791175882
2141.4803848277406
5515.995143767093
3484.0829907536827
2496.644917740432
2384.5125428476167
3076.0199077586412
2431.951936563609
9322.269610960642
3092.4503704563695
3698.2059865204924
669.6175791615884
9318.02268345015
4825.362138089876
2832.172176384553
883.5043359457662
146.79293434071786
3567.718709526661
1536.487886514307
483.2657181252781
1033.3473424599147
2916.3830222418605
6886.511312721792
2813.559591733286
4136.267146808733
1648.6601468134897
632.0345128278352
846.900077101229
948.71925231541
827.4539214702357
229.71223739194235
632.3188818365243
604.3503611788815
650.7218563943557
1126.0018669005033
613.3864400544284
7116.803231720634
706.5137638671846
883.6559228770549
697.227436892948
3867.295526439811
3996.4799830215047
9323.645383210112
4752.695987313855
2159.4987524124176
4163.649368402412
9314.165539026542
126.78551859188345
3405.7898776207544
6902.910028584711
9318.94787293074
3457.292887557643
865.3433741952933
633.1617488093624
9316.00514282864
9321.041004042547
6251.376653578093
426.8728332682028
9327.567027909896
9323.052462189633
4741.638552902697
3222.231486786355
3387.0915297573138
9316.74721709608
9318.547042399425
4305.516225145101
418.5762889695518
799.8393920691772
1015.353167409644
5663.836557670472
5618.392664293157
679.6457779715904
9325.726348017777
3943.8842204182993
1071.2244246870996
623.0136886529716
688.9262805464931
9327.665007585396
9327.325670686994
529.4020096707518
9331.13221894998
9331.154134216773
9337.582554630424
9347.202889092487
9344.333946040044
9342.991568765412
9342.589338981104
9343.926449692655
9346.006934721101
9344.608989238332
9342.185215681566
9337.018346856446
9335.458616272894
9331.168590651905
9326.157041311466
9326.153098742345
9313.718622600834
9316.643108173388
9320.91121275398
9321.784642914528
9322.187392405418
9322.188751539816
9316.109662919613
9316.802689666149
9316.110070664694
9317.749325171755
9314.127142439285
9319.187473465483
9318.009750006799
9319.379163213587
9318.886345377347
9314.145227619683
5530.224574218233
7221.4929952663815
9311.478692976636
3843.011063211018
8506.532297982003
9316.478147145022
398.2726180536783
2068.0218159162923
9320.889186841583
9323.3013771666
9321.40556328371
9320.534980502744
6001.1293500544025
9323.096228860786
7118.4838730722695
9320.973324224446
3018.2875531572645
9321.49456729774
9319.148760134563
9322.311519206785
4843.643304231353
9321.367168735977
9322.10475752035
7391.490201846246
4696.958080835372
9322.111057989574
9323.15719869979
9322.197684186964
9322.469343372304
9323.53578113816
9321.982564139944
9323.837974899536
9324.255118320862
9325.326595599377
9325.5248248053
9323.254582994658
9327.068260937975
9327.221011942313
9327.823319750962
9333.185523802305
9333.368555480893
9335.428021019994
9335.169867776256
9331.301753171738
9330.407554439525
9330.555647028053
9333.654522941375
9332.276111635432
9330.187498554174
9332.634717966886
9332.026912845886
9332.010800175887
9330.810385180026
199.44243070371894
9331.63701133911
9333.567825532438
9334.508764607404
9330.83443493775
9336.049611286753
9335.066134835948
9334.586693050815
9336.00475997148
9334.085639747382
9333.454938886644
9331.282648626428
9332.244807253519
9331.690858884747
9331.81063728709
9332.919862470682
9332.17229168335
9332.67778440619
9333.013397405772
9330.461772083965
9333.192230239045
9329.738914678026
9333.100196097288
9330.126487003305
9329.994100400765
9329.018658814335
9331.067530053782
9331.399314116228
9330.923121394186
9330.176567159499
9328.571457888991
9330.154576412513
9329.239597371228
9330.862632243825
9329.951737565358
9330.806731603956
9329.804007646126
9331.066728193176
9330.943521424773
9331.86624236275
9332.268260674442
2723.1571339404613
9332.096083603281
9331.654237114772
9332.903901586396
9331.46052299561
9330.62022445947
9325.480498233168
9324.298886627907
9325.368458677378
9322.20284608795
9327.812092851897
9331.614838391479
9331.547905588664
9327.82053151559
9329.462370455607
9332.647088291704
9327.715727758528
9330.006863280123
9328.828754017122
9329.423234427444
9330.686350721047
9327.162686539154
9326.802559478976
9327.747325663993
9329.127444318092
9331.586590698775
9329.749914257909
9332.026535850484
9331.063161981827
9326.821783307973
9329.517331525742
9327.64894217352
9327.33327784887
9326.975106470978
9325.802358530826
9329.251921274785
9331.261494351274
9330.527077577768
9333.157999106626
9328.955285691862
9328.804851631694
9330.01705358913
9330.690798530755
9329.806291036577
9331.384338374175
9331.888624096071
9329.539273520697
9332.724837607919
9331.200529801019
9330.670865483116
9327.728453395475
9326.644203516182
9326.028351002502
9328.97761916127
9330.782718337698
9328.761017426956
9331.082100443153
9330.884473718126
9330.777133162064
9331.572683318607
9332.025370209827
9328.934600684457
9330.09379216788
9329.591764219911
9328.732885489082
9331.383450142645
9332.0852198274
9332.537184836263
9334.115100346979
9332.925747874393
9327.471213528399
9327.659783166258
9329.666137785209
9327.300722753478
9331.19203025117
9327.990616187595
9330.15659103856
9328.131182884137
9327.463619610007
9325.740593348468
9329.4127273609
9328.926983009414
9330.154777605072
9331.758675271034
9328.51185004211
9329.903334636003
9331.309729446246
9330.24004116924
9329.97355073221
9330.512319097992
9331.940937895823
9331.108762552481
9330.18068815148
9329.003494615623
118.0435961501626
9330.156327819168
9329.828174847957
9328.137273005763
9326.365647016988
9328.97567032845
9333.307460290183
9333.673532309285
9332.385053573444
9333.048803994456
9333.165913215642
9333.165900977994
9332.421599782847
9331.52861165247
9327.387581179151
9331.837835229495
9332.970132359784
9330.758296831105
9330.12918697234
659.098937685194
9327.941931942652
9328.688686474483
9321.099435577033
9323.853909949015
9325.972519170864
9323.190219008027
9318.654742909197
9319.161937977373
9321.320297696477
9321.45547961606
9325.940653374146
9325.216241786857
9324.148987878289
9323.201246460623
9324.66148760076
9324.526799922744
9324.194497560547
9324.940443234165
9322.71277965673
9323.875943949031
9323.034185759552
9323.79901152516
9322.934178976675
9324.514276948714
9322.13315350412
9324.227844232282
9323.52782421767
9321.660989692671
9323.510444049492
9323.53437853354
9324.95522701749
9325.58041849039
9326.512002188485
9324.509829778957
9325.374382035221
9326.339337225909
9325.31509920745
9326.207687808252
9325.483543992548
9326.559817943213
9326.669818114458
9325.340723214138
9328.378621141941
9327.850235641152
9326.426073751109
9326.479884987935
9327.549274930896
9331.56219872637
9329.756413861842
9329.067844062098
9328.26735054584
9327.466428306376
9327.89125569243
9325.622264434467
9328.28772878656
9332.56293120515
9326.662955585274
9327.91957244071
9329.934379112343
9328.724261072468
9331.349018790323
9328.709412275639
9331.959455620106
9328.019302925579
9327.80894427498
9331.366996796703
9328.089951666629
9331.13924530114
9331.294216255039
9334.0070897614
9333.414251256949
9331.48356963317
9333.463205478181
9335.252504206515
9332.466628874947
9331.960898149011
9332.193539453858
9337.925773748404
9331.100563447711
9332.58096717988
9334.289202574811
9332.983594918014
9334.854706526605
9337.54893236091
9330.439293556585
9330.854876112095
9327.994549423518
9330.047026885275
9327.999947106508
9321.838498978614
9320.645270218924
9324.969088956153
9327.728764193766
9327.71426040726
9326.038798906207
9326.401760254575
9326.250240013404
9327.627836465277
9322.482429266345
548.387161954487
9321.048778188433
9321.021158062005
9324.165978164325
6460.243206495921
9325.51290638738
651.2107346786678
2627.339780483228
239.08494708781512
1620.9109263938446
511.44561735380285
1451.9632157677793
2942.3571623815856
1088.9935275641317
874.271269518287
426.8827650182078
1144.1746475067775
641.8371144139237
762.5359894619706
977.5032369323216
8571.813932248548
4695.124131974586
472.9860520673996
650.9145609846519
660.3162493427495
558.1916300586458
2161.669895127955
3773.5487652632746
482.73013001322744
502.40964574751933
1060.9407725709502
771.9047041209913
650.9112591993188
557.5476036992336
539.5015087987815
604.0480181547715
222.23987950659756
259.52797094298967
510.8142317582387
399.08604938029947
538.7436087531643
613.0321913558007
548.3530238485259
575.9574954521507
584.8089859767495
203.6412420549886
520.623902386901
500.7804647468848
725.6411763554346
250.27587676301803
548.0223281299712
1070.824627717287
855.6548855560767
334.6250061918938
594.6171002314113
500.95913152660825
929.1703806841862
241.36612301285876
1264.9571607015703
250.4576450775142
473.1989636426779
547.8746835317905
510.22932611004745
426.338128552897
1526.2269446604732
417.3828972028848
510.8797655481408
278.195598992816
492.4931847197472
594.9792858478905
473.8687682651927
408.08829169294916
762.9220720261762
463.7858856089248
817.862605865185
231.82458046048873
229.964194806202
696.899750827072
510.44536821255355
389.32038308398984
250.38877471645725
501.51653478782305
483.1893089989717
483.1795346371391
416.81124844691743
697.5071083555235
483.0235278217061
576.3262076265166
463.89457926643314
491.91563281872135
483.4742986224688
603.6062102976176
882.9562566146958
538.1065410663614
444.12921254755173
492.05119963690544
183.54276844360993
630.9175738653942
529.1298796331022
548.6505077010519
557.5776100137566
417.1337915442408
1180.856062416499
576.3522807510678
342.48479408339995
473.7950087819785
325.045426557768
474.3598611539277
594.3946463683081
445.56491083840615
426.7900087246473
454.32650251922234
482.17973292051073
436.02094982076
492.0140043558664
306.16513640023123
463.9020326922747
576.1385778511927
474.075401282149
211.92650442476747
362.50325938122614
799.1088820564169
892.9450109310823
334.2788599305524
297.00648234823234
296.52577366077173
473.1745731477095
464.2317073914457
380.6076656077731
539.5798231585878
475.0540683380786
353.2809194108093
353.3118936448823
492.4356737320062
641.4059140420082
435.88005782122747
510.0432354855181
510.5507937505072
1116.4877632445114
305.562319715543
1144.7860632725067
334.56020337978777
725.4625575834683
501.3272970752552
809.0993413495471
566.6682778113868
231.2525942121115
268.81548773472315
250.34534811146253
558.1045058735119
901.8552050974455
651.3682305585876
603.2187873276345
816.9607389912807
1527.1638479045323
212.0585125137253
390.33545263565344
548.9638321998751
1014.4941400249021
390.4165337274239
641.5412817814636
669.3528389459623
426.54512744166345
1686.1409587593253
296.7820318834412
417.94739141748113
521.6433537270095
193.22126451669138
100.50035566411903
118.82349537374547
91.27390537339954
100.38028935955953
127.87678508912519
539.48798591647
1229.5491396681632
623.5564521146114
118.16099032671315
278.176340393511
576.8109966010787
174.23273905773323
259.38998177285754
540.1678496260647
558.2781276028463
73.61819276786002
361.4313880819732
408.5564932416397
473.9119134338026
679.2678324480796
333.8676079211727
1136.8824860652592
1465.1596275723532
455.6083101177118
1015.0502043499764
9342.813944696076
9340.711473904976
9341.251092799252
9340.955372193936
9341.740628348516
9343.685718458451
9345.806205514498
9346.878156392655
9346.431755868674
9345.92807371798
9346.752483725895
9345.168761503832
9344.55769508
9343.92760323084
9344.628939010005
9344.786383447909
9344.525835878916
9345.25944361665
9343.472523958199
9343.714998388026
9340.61814608464
9342.093753058978
9342.590709890015
9342.117276384764
9342.135886719396
9342.524017885957
9340.31997242457
9342.91549312113
9340.578457812016
9340.674704624043
9339.43985538935
9338.827064113078
9339.478096746794
9339.256817486805
9339.686444392964
9340.26354217338
9340.999613687876
9340.659976535844
9340.448008762221
9336.44634906048
9334.115931293105
9334.991096006283
9334.627516020317
9333.453076992286
9332.688087723991
9332.141329575632
9332.080037474365
9331.867677800641
9331.149282977192
9330.833738865822
9329.313025959847
9330.567657859172
9329.641538716269
9330.004858688644
9327.509530803054
9328.958108540313
9331.163406112279
9328.496552531957
9325.87841020987
9322.697435384616
9323.57749776984
9322.633701904811
9322.11148724741
9321.80842663739
9320.752599023752
9319.856462913465
9322.062780039667
9322.458082902493
9322.460110755861
9322.915653671591
9321.760665930578
9322.32431458517
9322.441429676523
1098.2910987494208
9320.612501357802
9322.144907033164
9323.339302460428
4324.984021873575
9322.896446992885
9322.97906182737
9326.064361298157
9328.56338408235
9327.827755116119
9329.194751762352
9328.268557798274
1777.481976936061
9327.115073196574
9328.906236336705
9328.291077384984
9325.408552803287
9329.398672025593
9332.910656264046
9332.86833676041
9332.919009465535
6523.937247167987
9326.384296821794
9323.532437913545
9327.13215426045
9322.869193617918
9324.380671967669
9323.54325440329
9323.68842016766
9324.99769874893
9323.918479693282
9324.244905038844
9323.613867575707
9322.108181379941
9322.089962418444
9321.081019198838
9318.331364767198
9320.480247147141
9321.806811689274
1247.1988552815199
9320.82415487794
9319.54644848781
9317.994823726935
7779.29512315661
2448.7523318956028
2272.4980699339862
1873.0854873114379
1155.0009440307933
8406.528727666355
2365.88234950053
4145.6040354037095
9322.120043865349
9319.920152306464
3316.521004607535
9319.355136499511
9318.944248295524
9317.091204458593
4062.2660721026314
9318.276513486488
8430.269100203916
9317.634616020621
9319.927302965367
9321.942378376269
5515.161136846527
9328.19583480024
6138.01382400016
9330.625548579546
3839.816857234275
9320.593523675976
9327.498717147299
9325.839265701328
9329.403639309061
9330.168025645627
9325.783997956756
9326.512762716457
9328.840829426523
9325.639244535958
9328.52990226913
9327.550776327096
9326.358363184916
9325.533463558313
9326.533795394296
9327.189295711029
9326.108982165402
9327.019598513489
9322.344711721003
9323.470325776958
9324.271222312567
9323.845451625164
9321.140140045447
9317.013195163883
9320.094660138007
9317.515103837703
9184.518432722314
9319.585065263249
5270.608341593928
9320.499255949537
8999.280369643115
2364.6065807964924
8842.104237092171
9321.76571746218
9325.073335064293
9324.013339551298
9322.343269417675
9324.61147987801
3762.981286737133
9319.719735976494
9322.665918341898
9325.797741517581
9325.252953070574
9325.11815140548
9327.85611762454
9328.276961957446
9327.0067961709
9323.904682885446
9321.080267131212
9319.301684282056
9320.63173449039
9317.614673937976
6836.026107225266
9318.170351459388
9317.463414924385
9319.278206959514
9320.49442523824
9324.871030244574
9326.481665478843
9328.179053347807
9326.41313533205
9325.816133591421
9326.030642202133
9323.26077000706
9323.081614837129
9322.997628787076
9320.489736204812
8404.877328353905
9320.821502781348
9320.08776413573
9316.528595428608
9317.044547208137
9315.734096072918
9317.749000108097
9320.880953797328
8349.472893803453
1433.5123953727298
6382.46056314557
6765.143073575491
781.1423644493245
818.7251283957919
1024.5959668123235
576.8525446447727
669.2890477097579
2590.7949121356696
3445.47331773787
9325.145531264498
9324.42824022885
9327.25730316943
9327.461002135311
8687.650677975962
9325.870824488287
9328.164821538661
6031.266076491865
9326.595483256913
9323.017092355121
9327.056026338265
9327.54529282343
9327.307689159796
9327.6342901956
9332.172605809816
9333.922059873754
9332.442348042174
9324.364140121259
9321.72146476929
6142.451409510098
5612.88644072962
9325.83814253003
9331.05142371656
9328.737975992906
9330.49340978677
9331.65217679351
9332.42394619058
9331.210149858523
9324.36819955071
9323.489674115071
9326.052532746568
9322.572983198132
9322.40002500014
9323.815790975308
9323.229634193698
9324.834021983883
9323.943766624065
9325.496943443175
9324.859302893152
9326.73714946774
9326.61594103916
9327.121089105727
9074.208731589175
9332.673613440098
9332.955950280713
9335.643732642717
9336.358716610872
9332.339106211659
9334.268113074068
9328.903243426192
9328.303435726251
9332.834923569924
9334.650254045458
9333.604917171491
9331.28292249836
9334.047327526081
9338.93515266466
9343.281079927287
9343.653041623194
9343.511081753955
9342.872534795428
9342.252667369112
9341.590881208373
9323.94224054323
9323.447965052543
9322.654191394262
9320.428444007593
9321.991596402806
9320.047083373742
9319.773120378182
9321.64770275505
9330.905489086315
9333.908924795538
9331.662154988508
9334.445087292383
9329.90207707755
9331.462051984183
9336.295615335332
9336.889453528833
9331.641948356842
9330.251696709332
9328.583355188099
9325.326577735814
9326.272973205556
8143.154688571064
9328.310766658102
9328.779742536917
9323.214943428817
9331.111220781966
9331.869899316114
9327.240801824473
9323.773362724887
9327.023635953203
9333.093292708867
9327.81166744769
9321.226527661183
9320.753622434084
9324.431680948162
9322.437396633606
6552.081308805046
9332.004133033039
9321.999803232478
8856.50865962316
2123.7753635859076
5151.694032695642
9319.65614151277
1042.5445020742566
8562.046209062928
3745.808537235461
9317.95767263653
9317.330868208524
9319.6959676019
9314.871996185939
9316.08338766386
9316.87576660321
9317.21061146348
9320.225243042298
669.3980899205471
425.7454784184446
874.7827663025168
5338.577736414538
9317.523735533858
9316.925583557755
9318.5764981663
9320.313238945135
9318.60793720335
9318.493352188807
9319.321244718973
9318.320719690466
9316.271576771898
9315.82984416172
1349.005299758997
4488.471706083022
9314.209408620654
2848.5359848143585
6117.1529442630535
9318.746356469921
9320.133628408907
6538.591922758876
9318.00085750647
9319.885367511213
9316.6754368393
7553.860257221601
9318.919541561294
2868.3004689262957
799.5203959463172
3865.101278169093
957.2125704360124
9318.433732182553
9319.490300412295
9317.557866136885
6343.0315334491
6547.402483089524
9316.683854652161
8205.968316465367
9315.410826923551
9315.96295607096
5066.013883669888
4908.1218956703915
9312.850969344732
1349.7619359645646
4171.431545574221
1246.7800358278967
911.3598926216066
9314.917485263306
9313.919987291174
6184.385861171244
9310.444636038561
9312.140792166685
1992.7868357994205
9310.722137747687
995.1590496362858
9314.841603434514
1648.2652313142084
9318.232633934409
9317.982221499402
9319.912294793025
9319.751424382639
9321.243048205224
9319.569372924529
9315.851371855255
9319.29944588432
9319.256050161986
9318.675000367746
9318.62039950271
9317.266739600924
9315.690473913512
9316.78142095389
9316.017829971397
9315.204057724792
7174.744802479214
8583.62414872933
809.4945284525585
1516.6897562425495
817.4173163799904
3798.5609231581684
724.9997568913341
847.7730927766332
669.91273245708
819.0542123000188
874.0405774634295
585.33115573127
2282.4931557459927
259.6545145311756
2850.318892578022
1770.0645152893155
9320.427774316358
352.34400176583495
4079.4221937647385
9314.484184685256
2216.7260867277905
6803.773968098188
3933.8139093045525
1210.6238960972157
9330.395911730298
1062.7682332060674
73.08255884093003
9345.277879217594
9343.456487605592
9344.084739101327
9342.585246343888
9342.582721432329
9343.172578390015
9337.229633682815
9333.061478266929
9331.807724313976
9332.028164951094
9330.220814033333
8336.49120626771
9326.130034842987
6088.52530890351
2563.663935084636
6237.318465373604
1323.2218434713782
2162.8362960356026
1985.8431468864921
2450.687257495308
1407.5724165548766
2042.0358800644988
1499.5039377306223
2451.050826088137
2537.7295279454133
4213.527567722398
9322.929478817608
987.2098372671404
9322.233365074659
1891.7129899282074
4493.493796243706
3570.0860696870554
2041.182804279227
9326.022266424767
9344.497622101393
9325.672742910854
9324.569340790686
9328.290998472161
9344.980201662065
9340.932466210277
9340.156627766237
9338.305440629696
9331.38347390445
9326.772312809411
9327.79368747135
9324.119752905715
9322.090434562244
9320.17404355564
9319.328632627637
9322.303782377969
9321.956712472933
9322.810438938357
9321.684093278787
9318.942831584485
9319.14648696378
9317.305176644648
9316.688245830384
9318.17093342026
9316.447273404567
6172.225470726051
8996.301034668013
735.1307780713247
3183.2312909170278
1992.449317673758
1032.4593829366463
472.90932258286585
958.245495045686
2066.9533815871464
707.2426024339479
1908.2132521603028
1284.2415675282812
566.2058167824316
1692.8941820461644
1619.0571040363875
1880.0419614081954
752.5991348506295
1590.0489283929285
1293.1602731724256
753.0047845948111
585.3087868410839
444.44809391005987
9152.79929620974
2654.316418790621
4235.773762392442
3351.388491763491
2049.503282596152
2197.7332512307503
2709.6488808711156
2551.5897800870157
1348.5695808994878
845.9800481924226
1274.3431212534733
1583.514539690883
1525.549739490372
1348.616042371444
538.5378024023106
1692.9939359732216
911.9448957351003
1582.0894215700157
2904.22650221947
2068.31569039426
6095.826333050007
9311.76856667106
9331.762855194882
2921.841550443032
9332.679208949941
9333.523474299735
7339.118850582946
9334.223963827377
9331.120403953615
1125.8201395384524
2440.3819557792954
9309.635878814068
2383.3539154287255
2740.657211308765
5933.232308678322
7084.645121425742
8248.157960178734
1350.0315083163284
1555.652717308426
790.4216407932227
3881.9202581514537
3427.607572833779
2672.8983714497294
1665.8766575194006
9324.930788699892
9326.028730855396
7207.548346341826
9324.585937315005
9319.660825727999
8506.556281342208
1171.2890683726228
5411.163600540487
622.3518587995206
1703.6438527986277
1181.202022270388
1787.9359780845411
2159.315515185307
1833.817917072682
3454.4671335966846
2503.4827162541287
5362.201203259631
9313.757668824624
2523.5595410419014
9315.261644553615
9321.24997041523
9316.930720004671
9314.569828027667
7608.017102449097
5086.253558480169
2382.0650972709636
6956.815773025707
6932.162893666048
2169.0620744489656
5727.987918933526
4228.2035965348405
3736.0742527607295
2009.9747677415355
4245.97187435427
1069.3251979113982
1125.246297423303
3175.974480057618
3183.6691799788655
3972.7496678381226
1963.364249526602
1125.876753054686
4385.058606616776
5100.443477477684
1507.4817466195675
622.288428935912
1944.903413408372
1367.467710525682
678.9319337984334
387.8390714490846
2186.14238776194
1423.433113083152
3917.6514300747194
4509.058297806506
4004.962299256207
9314.764021662533
1748.6586030513686
5224.97235683762
1079.6067929310068
1163.4328642081666
4240.037821923897
8407.591443336714
1713.6653927902262
1422.3082846287296
1983.1719755591012
594.1709055034778
1711.465716021629
557.1060937408175
1200.5501757708623
1329.5358974495193
2039.245793746239
9316.799549498832
1452.1289926494105
660.5126605656014
2066.8165705321835
1470.9996099873013
3659.9486056948476
6766.37578802234
3616.263000216791
1686.0979779810984
977.3172938623787
529.1346754971813
9323.260605518815
4509.088509956428
2319.9469196414516
6281.774844984841
2973.7743747710733
892.3590369928288
903.0021433590367
1005.9892136532104
3215.838206340495
2282.2428835715555
472.74277589102746
1638.5826945120957
714.5883931156452
5676.202067352782
2368.7296417608404
7146.189304564592
2842.7311459125685
2143.641690451647
1546.8565361989456
9324.360816946473
9320.512592277864
9326.718833631328
9325.201661840754
9323.762636048803
9323.459910930516
9325.386919444149
9324.522172265604
9328.600082351142
9327.314485223313
9329.110018748213
9329.817011082429
9329.677205183118
9328.25306626914
9329.086445145627
9327.695642401086
9328.885810437301
9330.658020794344
9328.493844545437
2432.968216429282
2934.854454138523
9327.788060946941
9331.964018166731
837.587882094854
9328.081815177273
9325.408290542468
2283.880007274987
9325.951173743624
9328.141918604133
9325.139717608861
9327.747492656832
9327.549916104857
9328.292894053599
9328.211396047318
9332.059136785983
9331.706912615105
9331.609581662153
9328.385777228932
9331.659309948014
9331.925316962597
9326.160564152284
9328.68313489739
9328.83499468951
9332.612008462864
9332.597901699515
9335.021801878047
9339.628819488302
9339.368045240224
9337.700322571176
9337.203272498084
9335.579034114653
9334.48615226177
9335.727776604015
9339.676832037421
6606.175216915022
9332.95148162188
9324.666133547355
9326.86091557363
9327.624112006535
9328.392184539005
9328.298910744728
9326.60709628231
9328.985433538146
9326.07640915353
9326.138873240341
9324.330063448224
9324.68105125611
9324.372554512496
9326.446813166272
9327.351636655027
9324.945855707894
9323.701476186912
9322.329935980697
9320.247718378701
9318.615947956643
4061.5850779598577
9318.815637145035
9330.361570120425
9322.236282013444
1256.544151059859
3698.7459120613485
9321.113360559668
5058.2124805485255
9321.044606368903
9321.218045923775
9317.86433747044
9324.047067156851
9322.880403861865
8226.846606447769
1190.923513161112
5625.867927749183
9320.885676228656
455.75340760899223
5507.480035460398
800.3869777334173
791.0090178686884
333.4078851427579
4789.655934730384
1776.705835017735
2569.443107738223
958.5424611370386
1516.0482850155963
780.1720234499358
9320.733800607974
9331.188835301424
9332.539243854633
9329.16404859679
9330.206935516444
9327.489465993016
9323.337387061552
9319.793711498502
8689.262443285736
660.8905107814732
2691.977283690596