7
13
29
35
41
49
54
60
65
72
78
85
91
101
106
109
112
115
118
121
124
127
130
133
136
139
142
145
148
151
154
157
160
163
166
169
172
175
178
181
184
187
190
193
196
199
202
205
208
211
214
217
220
223
226
229
232
235
238
241
244
247
250
253
256
259
262
265
268
271
274
277
280
283
286
289
292
295
298
301
304
307
310
313
316
319
322
325
328
331
334
337
340
343
346
349
352
355
358
361
364
367
370
373
376
379
382
385
388
391
394
397
400
403
406
409
412
415
418
421
424
427
430
433
436
439
442
445
448
451
454
457
460
463
466
469
472
475
478
481
484
487
490
493
496
499
502
505
508
511
514
517
520
523
526
529
532
535
538
541
544
547
550
553
556
559
562
565
568
571
574
577
580
583
586
589
592
595
598
601
604
607
610
613
616
619
622
625
628
631
634
637
640
643
646
649
652
655
658
661
664
667
670
673
676
679
682
685
688
691
694
697
700
703
706
709
712
715
718
721
724
727
730
733
736
739
742
745
748
751
754
757
760
763
766
769
772
775
778
781
784
787
790
793
796
799
802
805
808
811
814
817
820
823
826
829
832
835
838
841
844
847
850
853
856
859
862
865
868
871
874
877
880
883
886
889
892
895
898
901
904
907
910
913
916
919
922
925
928
931
934
937
940
943
946
949
952
955
958
961
964
967
970
973
976
979
982
985
988
991
994
997
1000
1003
1006
1009
1012
1015
1018
1021
1024
1027
1030
1033
1036
1039
1042
1045
1048
1051
1054
1057
1060
1063
1066
1069
1072
1075
1078
1081
1084
1087
1090
1093
1096
1099
1102
1105
1108
1111
1114
1117
1120
1123
1126
1129
1132
1135
1138
1141
1144
1147
1150
1153
1156
1159
1162
1165
1168
1171
1174
1177
1180
1183
1186
1189
1192
1195
1198
1201
1204
1207
1210
1213
1216
1219
1222
1225
1228
1231
1234
1237
1240
1243
1246
1249
1252
1255
1258
1261
1264
1267
1270
1273
1276
1279
1282
1285
1288
1291
1294
1297
1300
1303
1306
1309
1312
1315
1318
1321
1324
1327
1330
1333
1336
1339
1342
1345
1348
1351
1354
1357
1360
1363
1366
1369
1372
1375
1378
1381
1384
1387
1390
1393
1396
1399
1402
1405
1408
1411
1414
1417
1420
1423
1426
1429
1432
1435
1438
1441
1444
1447
1450
1453
1456
1459
1462
1465
1468
1471
1474
1477
1480
1483
1486
1489
1492
1495
1498
1501
1504
1507
1510
1513
1516
1519
1522
1525
1528
1531
1534
1537
1540
1543
1546
1549
1552
1555
1558
1561
1564
1567
1570
1573
1576
1579
1582
1585
1588
1591
1594
1597
1600
1603
1606
1609
1612
1615
1618
1621
1624
1627
1630
1633
1636
1639
1642
1645
1648
1651
1654
1657
1660
1663
1666
1669
1672
1675
1678
1681
1684
1687
1690
1693
1696
1699
1702
1705
1708
1711
1714
1717
1720
1723
1726
1729
1732
1735
1738
1741
1744
1747
1750
1753
1756
1759
1762
1765
1768
1771
1774
1777
1783
1787
1791
1797
1807
1812
1816
1822
1827
1831
1835
1839
1844
1851
1858
1862
1866
1869
1872
1876
1880
1884
1888
1892
1896
1900
1904
1908
1912
1915
1919
1924
1928
1934
1940
1945
1949
1954
1959
1964
1968
1972
1976
1981
1986
1993
1998
2004
2009
2014
2019
2023
2029
2034
2039
2044
2049
2055
2063
2070
2079
2087
2097
2106
2113
2120
2128
2140
2153
2163
2172
2200
2210
2226
2234
2252
2262
2277
2290
2352
2369
2391
2409
2425
2442
2450
2460
2469
2486
2507
2520
2532
2547
2566
2581
2595
2615
2634
2659
2681
2727
2756
2807
2900
2961
3031
3113
3212
3292
3380
3467
3547
3627
3709
3786
3866
3947
4039
4129
4217
4308
4395
4472
4557
4647
4723
4800
4868
4942
5017
5084
5151
5214
5277
5336
5395
5454
5518
5579
5644
5703
5764
5830
5892
5957
6022
6085
6150
6214
6268
6325
6380
6436
6495
6551
6608
6665
6722
6774
6827
6880
6936
6990
7046
7099
7150
7204
7252
7301
7350
7398
7444
7494
7542
7589
7640
7687
7738
7790
7836
7881
7931
7976
8023
8069
8113
8160
8212
8262
8310
8360
8410
8460
8510
8559
8606
8653
8703
8752
8801
8847
8899
8953
9010
9067
9114
9168
9217
9263
9315
9371
9423
9478
9531
9587
9633
9689
9744
9801
9862
9917
9978
10036
10096
10156
10219
10282
10349
10424
10501
10580
10662
10738
10820
10910
11004
11108
11209
11311
11414
11522
11627
11734
11838
11955
12062
12180
12292
12408
12521
12649
12770
12881
12992
13117
13221
13329
13439
13556
13662
13790
13919
14047
14172
14318
14482
14704
14894
15073
16073
17073
18073
19073
20073
21073
22073
23073
24073
25073
25174
25283
25382
25484
25618
25807
25927
26006
26100
26210
26294
26372
26451
26749
26826
26892
26972
27050
27134
27226
27317
27402
27483
27566
27664
27772
27863
27948
28030
28125
28223
28327
28432
28552
28688
28860
29026
29185
29301
29421
29528
29651
29776
29891
29999
30138
30261
30371
30497
30618
30754
30866
30989
31124
31295
31452
31706
31951
32201
32553
33553
33988
34631
35277
35988
36501
36692
37692
38037
39037
40037
41037
42037
43037
44037
45037
46037
47037
48037
49037
50037
51037
52037
53037
54037
55037
56037
57037
58037
59037
60037
61037
62037
63037
64037
65037
66037
67037
68037
69037
69566
70566
71566
72566
73566
74566
75566
76566
77566
78566
79566
80566
81566
82566
83312
84312
85312
86312
87312
88312
89312
90312
91312
92312
93312
94312
95312
96312
97312
98312
99312
100312
100851
101851
102851
103851
104851
105851
106851
107851
108851
109851
110851
111851
112572
113572
114572
115572
116572
117572
118572
119572
120572
121572
122572
123572
124572
125572
126572
127572
128572
129572
130572
131572
132572
133572
134572
135572
136572
137572
138572
139572
140572
141314
142314
143314
144314
145314
146314
147314
148314
149314
150314
151314
152314
153314
154314
155314
156314
157314
158314
159314
160314
161314
162314
163314
164314
165314
166314
167314
168314
169314
170314
171314
172314
173314
174314
175314
176314
177314
178314
179314
180314
181314
182314
183314
184314
185314
186314
187314
188314
189314
190314
191314
192314
193314
194314
195314
196314
197314
198314
199314
200314
201314
202314
203314
204314
205314
206314
207314
208314
209314
210314
211314
212314
213314
214314
215314
216314
217314
218314
218319
219319
220319
221319
222319
223319
224319
225319
226319
227319
228319
229015
229157
230157
231157
231916
232019
233019
234019
235019
236019
237019
238019
239019
240019
241019
242019
243019
244019
245019
246019
247019
247445
247470
248470
248543
249543
250543
251543
251568
251837
252011
253011
254011
255011
256011
257011
257312
258312
259312
260312
261312
262312
263312
264312
265312
266312
267312
268312
269312
270312
271312
272312
273312
274312
275312
276312
277312
278312
279312
280312
281312
282312
283312
284312
285312
286312
287312
288312
289312
290312
291312
292312
293312
294312
295312
296044
296256
297176
298176
299176
300176
300657
301574
302381
302465
302852
303852
304050
304592
305592
306592
307358
308165
309165
309808
309952
310952
311952
312952
313952
314952
315952
316952
317952
318952
319952
320952
321952
322952
323952
324952
325952
326952
327952
328952
329952
330952
331952
332952
333952
334952
335952
336952
337952
338952
339952
340952
341952
342568
342905
343905
344905
345905
346905
347905
348905
349905
350905
351905
352905
353905
354905
355905
356905
357905
358905
359905
360905
361905
362555
362633
362715
363715
364715
365715
366715
367715
368715
369715
370715
370749
370853
371853
372853
373242
373297
373346
373858
373918
374918
375560
376560
377560
378401
379401
380401
381401
381522
381788
382080
382204
382309
383127
383531
383816
384816
385816
386816
387241
388063
389063
389353
390353
391353
392353
393353
394353
395353
395941
396054
396194
396329
397329
397763
398763
399763
400763
401373
401866
401936
402033
403033
404033
405033
406033
407033
407687
407952
408182
408593
409593
410593
411593
411828
411959
412502
413502
414502
414998
415153
415602
416208
417208
418208
419208
420208
421208
422208
423208
424208
425208
426208
427208
428208
429208
429725
430725
431326
431530
432530
433530
434530
435150
436150
437150
438150
439150
439826
440297
440496
440939
441917
442917
443917
444917
445031
445114
445523
445624
445921
446219
446681
446969
447020
447106
447172
447248
447326
447401
447494
447568
448568
449568
450172
450807
451807
452698
452858
453111
453278
453495
453958
454060
454559
454760
455760
455973
456216
456305
456461
456646
456741
456871
456916
456924
456969
457016
457076
457254
457321
457392
457493
458429
458558
458692
458807
459168
459432
459637
460023
460631
460736
460859
460969
461249
461350
461929
462527
462625
462992
463508
463659
463818
464016
464138
464307
464468
464588
464693
464867
464996
465123
465233
465378
465550
465723
465855
465959
466198
466363
466446
466674
466766
466926
467155
467298
467409
467525
468004
468232
468441
468584
468770
468998
469372
470067
470689
470750
470803
470888
471153
471495
471584
472028
472537
473048
473268
473759
473998
474058
474130
474196
474203
474210
474294
474340
474398
474446
474508
474584
474646
474898
475066
476000
476499
477051
477214
477358
477575
477755
478069
478128
478454
478833
478937
479460
479589
479665
479739
479797
479926
480414
481148
481357
481453
481528
481713
482038
482122
482192
482414
483054
483283
483865
484007
484156
484341
485001
485730
486147
486496
487275
487447
488071
488157
488313
489143
489333
490333
490717
491113
491307
491919
492686
493007
493837
494060
494275
494394
494483
494591
494678
494886
494974
495974
496033
496300
496682
496973
497165
497210
497287
497786
498216
498670
498782
498938
498997
499318
499946
500072
500162
500282
500433
500507
500601
500691
500755
501280
501582
502376
502575
503343
503625
503675
504490
504495
504503
504619
504736
505462
505911
506182
506653
507129
507496
508036
509026
510026
511026
511203
511238
511448
512448
512835
513835
514835
515835
516835
517709
518214
518701
519701
519869
520210
520489
520660
520875
520996
521237
522237
522243
522250
522256
522268
522298
522603
522812
522820
523485
523493
523750
523958
524171
524329
524631
524638
525029
525128
525570
525716
525787
525934
525998
526354
526645
526776
527249
527257
527307
527581
527814
528039
528051
528113
528162
528166
528221
528639
529079
529139
529340
530340
531032
531459
531591
531724
532252
532611
533142
533337
533659
533807
534538
535092
535837
536136
536617
536864
537272
538272
539272
540272
541272
542272
542703
543703
544703
545703
546703
547703
548703
549703
550703
551703
552703
553299
554299
555299
556299
557299
558299
559299
559538
559644
559762
560762
561762
562214
562959
563407
563885
563968
564232
564672
565286
565440
565746
565871
566871
566903
566936
567073
567107
567337
567705
568002
568061
568204
568311
568345
568415
568448
568479
568536
568852
568884
569443
569472
569500
569531
569561
569614
569644
569674
569735
569765
569917
570907
570962
571017
571064
572064
572134
572309
572370
572952
573062
573173
573291
573456
573541
573702
573755
573821
573872
573924
574045
574111
574496
574560
574739
574807
574864
574927
575307
576307
577083
577953
578453
579453
580453
581453
582453
583453
584453
585453
586453
587453
588453
589453
590453
591453
592123
593123
594092
594344
594509
594905
595781
596781
597781
598736
599736
600736
601237
601500
601860
602264
602430
602803
603005
604005
604128
604414
604974
605783
606270
607171
607410
607585
607940
608940
609601
610035
610097
610418
610866
610923
611415
612213
613180
613238
613289
613355
614355
614786
614843
615843
615922
616402
617402
617502
618351
618470
618677
619156
619508
620508
620923
621923
622923
623923
624923
625923
626923
627923
628923
629923
630923
631923
632923
633128
634128
634229
634402
634893
635893
636893
637893
638025
639025
640025
641025
641080
641554
641607
641669
641722
642722
643207
643306
643521
644182
644524
645119
646119
646152
646397
646442
646968
647020
647321
647352
647397
647427
647457
647490
647533
647566
647616
648275
648332
648460
649460
649504
650504
651216
651263
651295
651326
651407
651437
652152
653152
653232
653265
653315
653375
653408
653456
653559
654195
655195
655577
655607
655673
656673
657673
658673
658704
659328
660328
661328
661720
662046
662629
663629
664303
664809
665809
666809
667809
668809
669809
670809
671809
672094
672339
672456
672961
673457
674052
675052
675452
676452
677452
678452
679452
680452
681452
681828
681874
682406
683406
683744
684744
685744
685811
686811
687015
688015
689015
690015
691015
691677
692677
692822
692898
693898
694898
695898
696898
697898
698898
699898
700898
701898
702898
703898
704898
705898
706898
707642
707753
708753
709753
710241
711233
711349
711556
711757
711911
712069
712478
712575
712810
713120
713257
713721
714721
715621
715785
716225
716884
717519
718519
719519
720519
721519
722519
722831
723831
724831
725032
725183
725421
726421
726759
727759
728617
729617
730617
731617
732617
733617
734617
735617
736617
737617
737781
738781
739781
739785
739887
740505
741086
742086
742277
743277
744277
745277
746277
747063
747847
748340
748730
749212
750212
750947
751947
752938
753938
754938
755938
756938
757055
758055
758765
759755
760755
760861
761546
761714
761987
762987
763389
763701
764701
765057
766057
767057
767504
768504
768722
769722
770722
771722
772049
773049
773700
774700
775305
776305
776783
777783
778783
779675
780675
780688
781688
782688
783408
784408
784805
785805
786805
787805
788805
789805
790805
791071
792071
792822
793212
793568
794360
795360
795958
796958
797958
798270
798276
798619
799109
799248
799591
800450
800646
801072
801386
801463
801980
802559
802671
803496
804496
805278
805491
805615
805830
806830
807087
807221
807446
807654
807982
808209
808443
809443
810443
811443
811880
812880
813880
814880
815880
816787
817787
818787
819787
820787
821787
822199
822567
822694
823016
823405
823982
824122
824297
824685
824833
825330
825578
826206
826379
826487
826636
826760
826864
827231
827471
827550
828059
828149
828222
829222
829294
829371
829655
829948
830408
830703
831703
832703
832990
833990
834990
835990
836171
836702
837702
838702
839702
840702
841702
842702
843702
844702
845702
846702
847702
848702
849702
850702
851702
852702
853702
854702
855702
856702
857702
858702
859702
860702
861702
862702
863702
864702
865702
866702
867702
867742
868048
869048
870048
871048
872048
873048
873390
874001
875001
876001
877001
878001
879001
880001
881001
882001
883001
884001
885001
886001
887001
888001
889001
890001
891001
892001
893001
894001
895001
896001
897001
898001
899001
900001
901001
902001
903001
904001
905001
906001
907001
908001
909001
910001
911001
912001
913001
914001
914799
915799
916799
917799
918550
919550
919589
920589
921589
922589
923589
924589
925589
926589
927589
928589
929589
930589
931589
932589
933589
934589
935589
936589
937589
938589
939589
940589
941589
942589
943589
944589
945589
946589
947589
948589
949589
950589
951589
952589
953589
954589
955589
956589
957589
958347
959347
960347
961347
962347
963347
964347
965098
966098
967098
968098
969098
970098
971098
972098
973098
974098
975098
976098
977098
978098
979098
980098
981098
982098
983098
984098
985098
986098
986393
986490
986594
986676
986774
986851
986929
987014
987096
987176
987437
987524
987916
988019
988307
988739
988905
989002
989121
989360
989458
989658
989855
990855
991289
992003
993003
994003
994182
994415
994782
994852
994924
995104
995386
995451
995531
995596
995659
996459
996557
996908
997015
997087
997393
997533
997995
998134
998424
998597
998705
999014
999217
999524
1000052
1000139
1000321
1000435
1000535
1001535
1002119
1003119
1004119
1005119
1006119
1007119
1008119
1009119
1009277
1010277
1010482
1010588
1010677
1010758
1011758
1012758
1013758
1014357
1014494
1014748
1015161
1015337
1015694
1015820
1015904
1016375
1016547
1016782
1016863
1017301
1017428
1017845
1018811
1018977
1019529
1019904
1020206
1020649
1020930
1021052
1021200
1022134
1022323
1022603
1022762
1022920
1023920
1024559
1024916
1025073
1025187
1025300
1026192
1026344
1027344
1028344
1029292
1029469
1030469
1031110
1032110
1032720
1032868
1033868
1034168
1034772
1035254
1035378
1035390
1035615
1036046
1036166
1036584
1036815
1036883
1037226
1037842
1038509
1039509
1040509
1041509
1042509