7.0
6.0
16.0
6.0
6.0
8.0
5.0
6.0
5.0
7.0
6.0
7.0
6.0
10.0
5.0
3.0
3.0
3.0
3.0
3.0
3.0
3.0
3.0
3.0
3.0
3.0
3.0
3.0
3.0
3.0
3.0
3.0
3.0
3.0
3.0
3.0
3.0
3.0
3.0
3.0
3.0
3.0
3.0
3.0
3.0
3.0
3.0
3.0
3.0
3.0
3.0
3.0
3.0
3.0
3.0
3.0
3.0
3.0
3.0
3.0
3.0
3.0
3.0
3.0
3.0
3.0
3.0
3.0
3.0
3.0
3.0
3.0
3.0
3.0
3.0
3.0
3.0
3.0
3.0
3.0
3.0
3.0
3.0
3.0
3.0
3.0
3.0
3.0
3.0
3.0
3.0
3.0
3.0
3.0
3.0
3.0
3.0
3.0
3.0
3.0
3.0
3.0
3.0
3.0
3.0
3.0
3.0
3.0
3.0
3.0
3.0
3.0
3.0
3.0
3.0
3.0
3.0
3.0
3.0
3.0
3.0
3.0
3.0
3.0
3.0
3.0
3.0
3.0
3.0
3.0
3.0
3.0
3.0
3.0
3.0
3.0
3.0
3.0
3.0
3.0
3.0
3.0
3.0
3.0
3.0
3.0
3.0
3.0
3.0
3.0
3.0
3.0
3.0
3.0
3.0
3.0
3.0
3.0
3.0
3.0
3.0
3.0
3.0
3.0
3.0
3.0
3.0
3.0
3.0
3.0
3.0
3.0
3.0
3.0
3.0
3.0
3.0
3.0
3.0
3.0
3.0
3.0
3.0
3.0
3.0
3.0
3.0
3.0
3.0
3.0
3.0
3.0
3.0
3.0
3.0
3.0
3.0
3.0
3.0
3.0
3.0
3.0
3.0
3.0
3.0
3.0
3.0
3.0
3.0
3.0
3.0
3.0
3.0
3.0
3.0
3.0
3.0
3.0
3.0
3.0
3.0
3.0
3.0
3.0
3.0
3.0
3.0
3.0
3.0
3.0
3.0
3.0
3.0
3.0
3.0
3.0
3.0
3.0
3.0
3.0
3.0
3.0
3.0
3.0
3.0
3.0
3.0
3.0
3.0
3.0
3.0
3.0
3.0
3.0
3.0
3.0
3.0
3.0
3.0
3.0
3.0
3.0
3.0
3.0
3.0
3.0
3.0
3.0
3.0
3.0
3.0
3.0
3.0
3.0
3.0
3.0
3.0
3.0
3.0
3.0
3.0
3.0
3.0
3.0
3.0
3.0
3.0
3.0
3.0
3.0
3.0
3.0
3.0
3.0
3.0
3.0
3.0
3.0
3.0
3.0
3.0
3.0
3.0
3.0
3.0
3.0
3.0
3.0
3.0
3.0
3.0
3.0
3.0
3.0
3.0
3.0
3.0
3.0
3.0
3.0
3.0
3.0
3.0
3.0
3.0
3.0
3.0
3.0
3.0
3.0
3.0
3.0
3.0
3.0
3.0
3.0
3.0
3.0
3.0
3.0
3.0
3.0
3.0
3.0
3.0
3.0
3.0
3.0
3.0
3.0
3.0
3.0
3.0
3.0
3.0
3.0
3.0
3.0
3.0
3.0
3.0
3.0
3.0
3.0
3.0
3.0
3.0
3.0
3.0
3.0
3.0
3.0
3.0
3.0
3.0
3.0
3.0
3.0
3.0
3.0
3.0
3.0
3.0
3.0
3.0
3.0
3.0
3.0
3.0
3.0
3.0
3.0
3.0
3.0
3.0
3.0
3.0
3.0
3.0
3.0
3.0
3.0
3.0
3.0
3.0
3.0
3.0
3.0
3.0
3.0
3.0
3.0
3.0
3.0
3.0
3.0
3.0
3.0
3.0
3.0
3.0
3.0
3.0
3.0
3.0
3.0
3.0
3.0
3.0
3.0
3.0
3.0
3.0
3.0
3.0
3.0
3.0
3.0
3.0
3.0
3.0
3.0
3.0
3.0
3.0
3.0
3.0
3.0
3.0
3.0
3.0
3.0
3.0
3.0
3.0
3.0
3.0
3.0
3.0
3.0
3.0
3.0
3.0
3.0
3.0
3.0
3.0
3.0
3.0
3.0
3.0
3.0
3.0
3.0
3.0
3.0
3.0
3.0
3.0
3.0
3.0
3.0
3.0
3.0
3.0
3.0
3.0
3.0
3.0
3.0
3.0
3.0
3.0
3.0
3.0
3.0
3.0
3.0
3.0
3.0
3.0
3.0
3.0
3.0
3.0
3.0
3.0
3.0
3.0
3.0
3.0
3.0
3.0
3.0
3.0
3.0
3.0
3.0
3.0
3.0
3.0
3.0
3.0
3.0
3.0
3.0
3.0
3.0
3.0
3.0
3.0
3.0
3.0
3.0
3.0
3.0
3.0
3.0
3.0
3.0
3.0
3.0
3.0
3.0
3.0
3.0
3.0
3.0
3.0
3.0
3.0
3.0
3.0
3.0
3.0
3.0
3.0
3.0
3.0
3.0
3.0
3.0
3.0
3.0
3.0
3.0
3.0
3.0
3.0
3.0
3.0
3.0
6.0
4.0
4.0
6.0
10.0
5.0
4.0
6.0
5.0
4.0
4.0
4.0
5.0
7.0
7.0
4.0
4.0
3.0
3.0
4.0
4.0
4.0
4.0
4.0
4.0
4.0
4.0
4.0
4.0
3.0
4.0
5.0
4.0
6.0
6.0
5.0
4.0
5.0
5.0
5.0
4.0
4.0
4.0
5.0
5.0
7.0
5.0
6.0
5.0
5.0
5.0
4.0
6.0
5.0
5.0
5.0
5.0
6.0
8.0
7.0
9.0
8.0
10.0
9.0
7.0
7.0
8.0
12.0
13.0
10.0
9.0
28.0
10.0
16.0
8.0
18.0
10.0
15.0
13.0
62.0
17.0
22.0
18.0
16.0
17.0
8.0
10.0
9.0
17.0
21.0
13.0
12.0
15.0
19.0
15.0
14.0
20.0
19.0
25.0
22.0
46.0
29.0
51.0
93.0
61.0
70.0
82.0
99.0
80.0
88.0
87.0
80.0
80.0
82.0
77.0
80.0
81.0
92.0
90.0
88.0
91.0
87.0
77.0
85.0
90.0
76.0
77.0
68.0
74.0
75.0
67.0
67.0
63.0
63.0
59.0
59.0
59.0
64.0
61.0
65.0
59.0
61.0
66.0
62.0
65.0
65.0
63.0
65.0
64.0
54.0
57.0
55.0
56.0
59.0
56.0
57.0
57.0
57.0
52.0
53.0
53.0
56.0
54.0
56.0
53.0
51.0
54.0
48.0
49.0
49.0
48.0
46.0
50.0
48.0
47.0
51.0
47.0
51.0
52.0
46.0
45.0
50.0
45.0
47.0
46.0
44.0
47.0
52.0
50.0
48.0
50.0
50.0
50.0
50.0
49.0
47.0
47.0
50.0
49.0
49.0
46.0
52.0
54.0
57.0
57.0
47.0
54.0
49.0
46.0
52.0
56.0
52.0
55.0
53.0
56.0
46.0
56.0
55.0
57.0
61.0
55.0
61.0
58.0
60.0
60.0
63.0
63.0
67.0
75.0
77.0
79.0
82.0
76.0
82.0
90.0
94.0
104.0
101.0
102.0
103.0
108.0
105.0
107.0
104.0
117.0
107.0
118.0
112.0
116.0
113.0
128.0
121.0
111.0
111.0
125.0
104.0
108.0
110.0
117.0
106.0
128.0
129.0
128.0
125.0
146.0
164.0
222.0
190.0
179.0
1000.0
1000.0
1000.0
1000.0
1000.0
1000.0
1000.0
1000.0
1000.0
1000.0
101.0
109.0
99.0
102.0
134.0
189.0
120.0
79.0
94.0
110.0
84.0
78.0
79.0
298.0
77.0
66.0
80.0
78.0
84.0
92.0
91.0
85.0
81.0
83.0
98.0
108.0
91.0
85.0
82.0
95.0
98.0
104.0
105.0
120.0
136.0
172.0
166.0
159.0
116.0
120.0
107.0
123.0
125.0
115.0
108.0
139.0
123.0
110.0
126.0
121.0
136.0
112.0
123.0
135.0
171.0
157.0
254.0
245.0
250.0
352.0
1000.0
435.0
643.0
646.0
711.0
513.0
191.0
1000.0
345.0
1000.0
1000.0
1000.0
1000.0
1000.0
1000.0
1000.0
1000.0
1000.0
1000.0
1000.0
1000.0
1000.0
1000.0
1000.0
1000.0
1000.0
1000.0
1000.0
1000.0
1000.0
1000.0
1000.0
1000.0
1000.0
1000.0
1000.0
1000.0
1000.0
1000.0
1000.0
529.0
1000.0
1000.0
1000.0
1000.0
1000.0
1000.0
1000.0
1000.0
1000.0
1000.0
1000.0
1000.0
1000.0
746.0
1000.0
1000.0
1000.0
1000.0
1000.0
1000.0
1000.0
1000.0
1000.0
1000.0
1000.0
1000.0
1000.0
1000.0
1000.0
1000.0
1000.0
539.0
1000.0
1000.0
1000.0
1000.0
1000.0
1000.0
1000.0
1000.0
1000.0
1000.0
1000.0
721.0
1000.0
1000.0
1000.0
1000.0
1000.0
1000.0
1000.0
1000.0
1000.0
1000.0
1000.0
1000.0
1000.0
1000.0
1000.0
1000.0
1000.0
1000.0
1000.0
1000.0
1000.0
1000.0
1000.0
1000.0
1000.0
1000.0
1000.0
1000.0
742.0
1000.0
1000.0
1000.0
1000.0
1000.0
1000.0
1000.0
1000.0
1000.0
1000.0
1000.0
1000.0
1000.0
1000.0
1000.0
1000.0
1000.0
1000.0
1000.0
1000.0
1000.0
1000.0
1000.0
1000.0
1000.0
1000.0
1000.0
1000.0
1000.0
1000.0
1000.0
1000.0
1000.0
1000.0
1000.0
1000.0
1000.0
1000.0
1000.0
1000.0
1000.0
1000.0
1000.0
1000.0
1000.0
1000.0
1000.0
1000.0
1000.0
1000.0
1000.0
1000.0
1000.0
1000.0
1000.0
1000.0
1000.0
1000.0
1000.0
1000.0
1000.0
1000.0
1000.0
1000.0
1000.0
1000.0
1000.0
1000.0
1000.0
1000.0
1000.0
1000.0
1000.0
1000.0
1000.0
1000.0
1000.0
5.0
1000.0
1000.0
1000.0
1000.0
1000.0
1000.0
1000.0
1000.0
1000.0
1000.0
696.0
142.0
1000.0
1000.0
759.0
103.0
1000.0
1000.0
1000.0
1000.0
1000.0
1000.0
1000.0
1000.0
1000.0
1000.0
1000.0
1000.0
1000.0
1000.0
1000.0
426.0
25.0
1000.0
73.0
1000.0
1000.0
1000.0
25.0
269.0
174.0
1000.0
1000.0
1000.0
1000.0
1000.0
301.0
1000.0
1000.0
1000.0
1000.0
1000.0
1000.0
1000.0
1000.0
1000.0
1000.0
1000.0
1000.0
1000.0
1000.0
1000.0
1000.0
1000.0
1000.0
1000.0
1000.0
1000.0
1000.0
1000.0
1000.0
1000.0
1000.0
1000.0
1000.0
1000.0
1000.0
1000.0
1000.0
1000.0
1000.0
1000.0
1000.0
1000.0
1000.0
732.0
212.0
920.0
1000.0
1000.0
1000.0
481.0
917.0
807.0
84.0
387.0
1000.0
198.0
542.0
1000.0
1000.0
766.0
807.0
1000.0
643.0
144.0
1000.0
1000.0
1000.0
1000.0
1000.0
1000.0
1000.0
1000.0
1000.0
1000.0
1000.0
1000.0
1000.0
1000.0
1000.0
1000.0
1000.0
1000.0
1000.0
1000.0
1000.0
1000.0
1000.0
1000.0
1000.0
1000.0
1000.0
1000.0
1000.0
1000.0
1000.0
1000.0
616.0
337.0
1000.0
1000.0
1000.0
1000.0
1000.0
1000.0
1000.0
1000.0
1000.0
1000.0
1000.0
1000.0
1000.0
1000.0
1000.0
1000.0
1000.0
1000.0
1000.0
650.0
78.0
82.0
1000.0
1000.0
1000.0
1000.0
1000.0
1000.0
1000.0
1000.0
34.0
104.0
1000.0
1000.0
389.0
55.0
49.0
512.0
60.0
1000.0
642.0
1000.0
1000.0
841.0
1000.0
1000.0
1000.0
121.0
266.0
292.0
124.0
105.0
818.0
404.0
285.0
1000.0
1000.0
1000.0
425.0
822.0
1000.0
290.0
1000.0
1000.0
1000.0
1000.0
1000.0
1000.0
588.0
113.0
140.0
135.0
1000.0
434.0
1000.0
1000.0
1000.0
610.0
493.0
70.0
97.0
1000.0
1000.0
1000.0
1000.0
1000.0
654.0
265.0
230.0
411.0
1000.0
1000.0
1000.0
235.0
131.0
543.0
1000.0
1000.0
496.0
155.0
449.0
606.0
1000.0
1000.0
1000.0
1000.0
1000.0
1000.0
1000.0
1000.0
1000.0
1000.0
1000.0
1000.0
1000.0
517.0
1000.0
601.0
204.0
1000.0
1000.0
1000.0
620.0
1000.0
1000.0
1000.0
1000.0
676.0
471.0
199.0
443.0
978.0
1000.0
1000.0
1000.0
114.0
83.0
409.0
101.0
297.0
298.0
462.0
288.0
51.0
86.0
66.0
76.0
78.0
75.0
93.0
74.0
1000.0
1000.0
604.0
635.0
1000.0
891.0
160.0
253.0
167.0
217.0
463.0
102.0
499.0
201.0
1000.0
213.0
243.0
89.0
156.0
185.0
95.0
130.0
45.0
8.0
45.0
47.0
60.0
178.0
67.0
71.0
101.0
936.0
129.0
134.0
115.0
361.0
264.0
205.0
386.0
608.0
105.0
123.0
110.0
280.0
101.0
579.0
598.0
98.0
367.0
516.0
151.0
159.0
198.0
122.0
169.0
161.0
120.0
105.0
174.0
129.0
127.0
110.0
145.0
172.0
173.0
132.0
104.0
239.0
165.0
83.0
228.0
92.0
160.0
229.0
143.0
111.0
116.0
479.0
228.0
209.0
143.0
186.0
228.0
374.0
695.0
622.0
61.0
53.0
85.0
265.0
342.0
89.0
444.0
509.0
511.0
220.0
491.0
239.0
60.0
72.0
66.0
7.0
7.0
84.0
46.0
58.0
48.0
62.0
76.0
62.0
252.0
168.0
934.0
499.0
552.0
163.0
144.0
217.0
180.0
314.0
59.0
326.0
379.0
104.0
523.0
129.0
76.0
74.0
58.0
129.0
488.0
734.0
209.0
96.0
75.0
185.0
325.0
84.0
70.0
222.0
640.0
229.0
582.0
142.0
149.0
185.0
660.0
729.0
417.0
349.0
779.0
172.0
624.0
86.0
156.0
830.0
190.0
1000.0
384.0
396.0
194.0
612.0
767.0
321.0
830.0
223.0
215.0
119.0
89.0
108.0
87.0
208.0
88.0
1000.0
59.0
267.0
382.0
291.0
192.0
45.0
77.0
499.0
430.0
454.0
112.0
156.0
59.0
321.0
628.0
126.0
90.0
120.0
151.0
74.0
94.0
90.0
64.0
525.0
302.0
794.0
199.0
768.0
282.0
50.0
815.0
5.0
8.0
116.0
117.0
726.0
449.0
271.0
471.0
476.0
367.0
540.0
990.0
1000.0
1000.0
177.0
35.0
210.0
1000.0
387.0
1000.0
1000.0
1000.0
1000.0
874.0
505.0
487.0
1000.0
168.0
341.0
279.0
171.0
215.0
121.0
241.0
1000.0
6.0
7.0
6.0
12.0
30.0
305.0
209.0
8.0
665.0
8.0
257.0
208.0
213.0
158.0
302.0
7.0
391.0
99.0
442.0
146.0
71.0
147.0
64.0
356.0
291.0
131.0
473.0
8.0
50.0
274.0
233.0
225.0
12.0
62.0
49.0
4.0
55.0
418.0
440.0
60.0
201.0
1000.0
692.0
427.0
132.0
133.0
528.0
359.0
531.0
195.0
322.0
148.0
731.0
554.0
745.0
299.0
481.0
247.0
408.0
1000.0
1000.0
1000.0
1000.0
1000.0
431.0
1000.0
1000.0
1000.0
1000.0
1000.0
1000.0
1000.0
1000.0
1000.0
1000.0
596.0
1000.0
1000.0
1000.0
1000.0
1000.0
1000.0
239.0
106.0
118.0
1000.0
1000.0
452.0
745.0
448.0
478.0
83.0
264.0
440.0
614.0
154.0
306.0
125.0
1000.0
32.0
33.0
137.0
34.0
230.0
368.0
297.0
59.0
143.0
107.0
34.0
70.0
33.0
31.0
57.0
316.0
32.0
559.0
29.0
28.0
31.0
30.0
53.0
30.0
30.0
61.0
30.0
152.0
990.0
55.0
55.0
47.0
1000.0
70.0
175.0
61.0
582.0
110.0
111.0
118.0
165.0
85.0
161.0
53.0
66.0
51.0
52.0
121.0
66.0
385.0
64.0
179.0
68.0
57.0
63.0
380.0
1000.0
776.0
870.0
500.0
1000.0
1000.0
1000.0
1000.0
1000.0
1000.0
1000.0
1000.0
1000.0
1000.0
1000.0
1000.0
1000.0
670.0
1000.0
969.0
252.0
165.0
396.0
876.0
1000.0
1000.0
955.0
1000.0
1000.0
501.0
263.0
360.0
404.0
166.0
373.0
202.0
1000.0
123.0
286.0
560.0
809.0
487.0
901.0
239.0
175.0
355.0
1000.0
661.0
434.0
62.0
321.0
448.0
57.0
492.0
798.0
967.0
58.0
51.0
66.0
1000.0
431.0
57.0
1000.0
79.0
480.0
1000.0
100.0
849.0
119.0
207.0
479.0
352.0
1000.0
415.0
1000.0
1000.0
1000.0
1000.0
1000.0
1000.0
1000.0
1000.0
1000.0
1000.0
1000.0
1000.0
205.0
1000.0
101.0
173.0
491.0
1000.0
1000.0
1000.0
132.0
1000.0
1000.0
1000.0
55.0
474.0
53.0
62.0
53.0
1000.0
485.0
99.0
215.0
661.0
342.0
595.0
1000.0
33.0
245.0
45.0
526.0
52.0
301.0
31.0
45.0
30.0
30.0
33.0
43.0
33.0
50.0
659.0
57.0
128.0
1000.0
44.0
1000.0
712.0
47.0
32.0
31.0
81.0
30.0
715.0
1000.0
80.0
33.0
50.0
60.0
33.0
48.0
103.0
636.0
1000.0
382.0
30.0
66.0
1000.0
1000.0
1000.0
31.0
624.0
1000.0
1000.0
392.0
326.0
583.0
1000.0
674.0
506.0
1000.0
1000.0
1000.0
1000.0
1000.0
1000.0
1000.0
285.0
245.0
117.0
505.0
496.0
595.0
1000.0
400.0
1000.0
1000.0
1000.0
1000.0
1000.0
1000.0
376.0
46.0
532.0
1000.0
338.0
1000.0
1000.0
67.0
1000.0
204.0
1000.0
1000.0
1000.0
1000.0
662.0
1000.0
145.0
76.0
1000.0
1000.0
1000.0
1000.0
1000.0
1000.0
1000.0
1000.0
1000.0
1000.0
1000.0
1000.0
1000.0
1000.0
744.0
111.0
1000.0
1000.0
488.0
992.0
116.0
207.0
201.0
154.0
158.0
409.0
97.0
235.0
310.0
137.0
464.0
1000.0
900.0
164.0
440.0
659.0
635.0
1000.0
1000.0
1000.0
1000.0
1000.0
312.0
1000.0
1000.0
201.0
151.0
238.0
1000.0
338.0
1000.0
858.0
1000.0
1000.0
1000.0
1000.0
1000.0
1000.0
1000.0
1000.0
1000.0
164.0
1000.0
1000.0
4.0
102.0
618.0
581.0
1000.0
191.0
1000.0
1000.0
1000.0
1000.0
786.0
784.0
493.0
390.0
482.0
1000.0
735.0
1000.0
991.0
1000.0
1000.0
1000.0
1000.0
117.0
1000.0
710.0
990.0
1000.0
106.0
685.0
168.0
273.0
1000.0
402.0
312.0
1000.0
356.0
1000.0
1000.0
447.0
1000.0
218.0
1000.0
1000.0
1000.0
327.0
1000.0
651.0
1000.0
605.0
1000.0
478.0
1000.0
1000.0
892.0
1000.0
13.0
1000.0
1000.0
720.0
1000.0
397.0
1000.0
1000.0
1000.0
1000.0
1000.0
1000.0
266.0
1000.0
751.0
390.0
356.0
792.0
1000.0
598.0
1000.0
1000.0
312.0
6.0
343.0
490.0
139.0
343.0
859.0
196.0
426.0
314.0
77.0
517.0
579.0
112.0
825.0
1000.0
782.0
213.0
124.0
215.0
1000.0
257.0
134.0
225.0
208.0
328.0
227.0
234.0
1000.0
1000.0
1000.0
437.0
1000.0
1000.0
1000.0
1000.0
907.0
1000.0
1000.0
1000.0
1000.0
1000.0
412.0
368.0
127.0
322.0
389.0
577.0
140.0
175.0
388.0
148.0
497.0
248.0
628.0
173.0
108.0
149.0
124.0
104.0
367.0
240.0
79.0
509.0
90.0
73.0
1000.0
72.0
77.0
284.0
293.0
460.0
295.0
1000.0
1000.0
287.0
1000.0
1000.0
1000.0
181.0
531.0
1000.0
1000.0
1000.0
1000.0
1000.0
1000.0
1000.0
1000.0
1000.0
1000.0
1000.0
1000.0
1000.0
1000.0
1000.0
1000.0
1000.0
1000.0
1000.0
1000.0
1000.0
1000.0
1000.0
1000.0
1000.0
1000.0
1000.0
1000.0
1000.0
1000.0
1000.0
40.0
306.0
1000.0
1000.0
1000.0
1000.0
1000.0
342.0
611.0
1000.0
1000.0
1000.0
1000.0
1000.0
1000.0
1000.0
1000.0
1000.0
1000.0
1000.0
1000.0
1000.0
1000.0
1000.0
1000.0
1000.0
1000.0
1000.0
1000.0
1000.0
1000.0
1000.0
1000.0
1000.0
1000.0
1000.0
1000.0
1000.0
1000.0
1000.0
1000.0
1000.0
1000.0
1000.0
1000.0
1000.0
1000.0
1000.0
1000.0
798.0
1000.0
1000.0
1000.0
751.0
1000.0
39.0
1000.0
1000.0
1000.0
1000.0
1000.0
1000.0
1000.0
1000.0
1000.0
1000.0
1000.0
1000.0
1000.0
1000.0
1000.0
1000.0
1000.0
1000.0
1000.0
1000.0
1000.0
1000.0
1000.0
1000.0
1000.0
1000.0
1000.0
1000.0
1000.0
1000.0
1000.0
1000.0
1000.0
1000.0
1000.0
1000.0
1000.0
1000.0
758.0
1000.0
1000.0
1000.0
1000.0
1000.0
1000.0
751.0
1000.0
1000.0
1000.0
1000.0
1000.0
1000.0
1000.0
1000.0
1000.0
1000.0
1000.0
1000.0
1000.0
1000.0
1000.0
1000.0
1000.0
1000.0
1000.0
1000.0
1000.0
295.0
97.0
104.0
82.0
98.0
77.0
78.0
85.0
82.0
80.0
261.0
87.0
392.0
103.0
288.0
432.0
166.0
97.0
119.0
239.0
98.0
200.0
197.0
1000.0
434.0
714.0
1000.0
1000.0
179.0
233.0
367.0
70.0
72.0
180.0
282.0
65.0
80.0
65.0
63.0
800.0
98.0
351.0
107.0
72.0
306.0
140.0
462.0
139.0
290.0
173.0
108.0
309.0
203.0
307.0
528.0
87.0
182.0
114.0
100.0
1000.0
584.0
1000.0
1000.0
1000.0
1000.0
1000.0
1000.0
1000.0
158.0
1000.0
205.0
106.0
89.0
81.0
1000.0
1000.0
1000.0
599.0
137.0
254.0
413.0
176.0
357.0
126.0
84.0
471.0
172.0
235.0
81.0
438.0
127.0
417.0
966.0
166.0
552.0
375.0
302.0
443.0
281.0
122.0
148.0
934.0
189.0
280.0
159.0
158.0
1000.0
639.0
357.0
157.0
114.0
113.0
892.0
152.0
1000.0
1000.0
948.0
177.0
1000.0
641.0
1000.0
610.0
148.0
1000.0
300.0
604.0
482.0
124.0
12.0
225.0
431.0
120.0
418.0
231.0
68.0
343.0
616.0
667.0
1000.0
1000.0
1000.0
1000.0