91
208
427
532
753
803
846
889
933
1803
1853
1906
1954
2002
2056
2129
2235
2304
2386
2447
2519
2581
2667
2725
2787
2848
2911
2973
3028
3138
3386
3524
3640
3752
3863
3932
4035
4105
4182
4258
4327
4394
4460
4570
4687
4721
4791
6391
6471
6543
6708
6787
6831
7637
7738
7797
7925
8588
8723
9072
9252
9300
9384
9534
9599
9711
9830
9895
9972
10163
10239
10372
10435
10608
10856
10953
11088
11173
11272
11434
11526
11630
11718
11810
11895
11976
12087
12294
12383
12450
12514
12625
12739
12817
12880
13030
13179
13289
13358
13501
13587
13683
13750
13854
13927
13988
14079
14164
14248
14436
14506
14592
14657
14767
14841
14928
15063
15128
15196
15285
15392
15511
15574
15644
15724
15796
15886
15954
16232
16350
16443
16516
16611
16754
16870
16931
17049
17117
17191
17281
17585
17661
17783
17965
18201
18277
18489
18680
18831
18939
19096
19227
19443
19700
19837
20150
21091
21187
21721
22023
22104
22523
22637
22893
23254
23658
24273
24687
25304
26195
27001
27869
28675
29199
29523
29767
30018
30231
30401
30687
30959
31175
31396
31622
31798
32039
32248
32503
32803
33118
33435
33717
34072
34309
34537
34851
35145
35408
35706
36006
36286
36998
37615
38065
39665
41030
41751
42892
43174
43623
45223
45327
45552
45846
46037
47637
47698
48108
48297
48486
48610
48672
48736
48800
48863
49591
49725
49979
50113
50308
50415
50691
51176
51605
52214
52490
52933
53818
54054
54701
54787
56387
57987
59587
61187
62787
64387
65987
67587
69187
70787
72387
73114
73992
74531
76131
76268
76548
77017
78617
79790
80122
81533
83133
84733
84791
85765
87365
88965
90565
92165
93765
95365
96965
98565
100165
101765
103365
104965
106565
108165
109765
111365
112965
114565
116165
117765
119365
120965
122565
124165
125765
127365
128965
130565
132165
133765
135365
136965
138565
140165
141765
143365
144965
146565
148165
149765
151365
152965
154565
156165
157765
159365
160965
162565
162776
164376
165976
167576
169176
170776
172376
173976
175576
177176
178776
180376
181976
183576
185176
186776
187843
188294
188654
190254
190796
192396
193996
195596
197196
198796
200396
201996
203596
205196
206796
208396
209996
211596
213196
214796
216396
217996
219147
220747
222347
223947
225547
227147
228747
230347
231947
233547
235147
236747
238347
239947
241547
243147
244747
246347
247947
249547
251147
252747
254347
255947
257547
259147
260747
262347
263947
265547
267147
268747
270347
271947
273547
275147
276747
278347
279947
281547
283147
284747
286347
287947
289547
291147
292747
294347
295341
296941
297473
298375
299975
301432
303032
304632
306232
307832
309432
311032
312632
314232
315832
317432
319032
320632
322232
323832
325432
327032
328632
330232
330959
332559
333078
333575
334194
335051
335698
337298
338898
340498
342098
343698
345298
346898
348498
350098
351698
352838
353700
355300
356900
358500
360100
361700
363300
364840
366440
368040
369640
371240
372840
374440
376040
377640
379240
380840
382440
382980
384580
386180
387780
388318
389918
391518
393118
394718
395205
396805
398405
400005
401605
402427
404027
405627
407227
408827
410427
412027
413627
415227
416827
418427
420027
421627
423227
424827
426427
428027
429627
431227
432827
434427
436027
437627
439227
440827
442427
444027
445627
447227
448827
450427
452027
453627
455227
456827
458427
460027
461627
463227
464827
464905
466505
468105
469705
471305
472905
474505
476105
477705
479305
480905
482505
484105
485705
487305
488905
490505
492105
493705
495305
496905
498505
500105
501705
503305
504905
506505
508105
509705
511305
512905
514505
516105
516167
517767
519367
520967
522567
524167
525767
527367
528967
530567
532167
533767
535367
536967
538567
540167
541767
543367
544967
546567
548167
549767
551367
552967
554567
556167
557767
559367
560967
562567
564167
565767
567367
568967
570567
572167
573767
575367
576967
578567
580167
581767
583367
584967
586567
588167
589767
591367
592967
594567
596167
597767
599367
600967
602567
604167
605767
607367
608967
610567
612167
613767
615367
616967
618567
620167
621767
623367
624967
626567
626720
628320
629920
631520
633120
634720
636320
637920
639461
641029
642629
644229
645829
647429
649029
650629
652204
653804
655404
657004
658604
660204
661804
663404
665004
666604
666724
668324
669924
671524
671628
673228
674828
676428
678028
679628
681228
682828
684428
686028
686923
688523
690123
690194
691794
693394
694994
696594
698194
699794
701394
702994
704594
706194
707794
709394
710994
712578
712632
714170
715770
717370
718970
720570
722148
723695
725295
726831
728431
730031
731631
733231
734814
736414
738014
739614
741214
742814
744379
745979
747579
749124
750724
752324
753924
755483
757083
758683
760283
761883
763483
765083
766683
768283
769883
771483
773083
774683
776283
777883
779483
781083
782683
784283
785883
787483
789083
790683
792283
793821
795375
796840
796985
798524
800096
801585
803185
804781
806381
807981
809532
811132
812732
814332
815932
817532
819132
820732
822296
823808
825408
827008
828608
830208
831732
833332
834932
836532
838123
839723
841304
842870
844470
846070
847670
849270
850870
852470
854062
855662
857223
858823
860423
861969
863477
865003
866603
868203
869803
871403
873003
874603
876195
877795
879395
880995
882595
884195
885795
887395
888995
890595
892195
893795
895395
896995
898595
899051
900651
902251
903851
905451
907051
908651
910251
911851
913451
915051
916651
918251
919851
921441
923041
924641
926241
927823
929423
931023
932623
934223
935823
937423
939019
940448
941874
943403
944985
946585
948185
949785
951303
952903
954446
956021
957587
959169
960761
962267
963748
965236
966627
968227
969792
971392
972992
974592
976192
977056
978633
980202
981802
983402
985002
986602
988202
989802
991402
993002
994602
996202
997802
999402
1001002
1002602
1004202
1005802
1007402
1009002
1010509
1011869
1012548
1012663
1014249
1014966
1016223
1017748
1019348
1020899
1022302
1023766
1025229
1026804
1028318
1029918
1031518
1033118
1033479
1035079
1036679
1038279
1039879
1041479
1043079
1044679
1046160
1047706
1049306
1050906
1052506
1054106
1055626
1057226
1058826
1060426
1062026
1063626
1065226
1066826
1068426
1070026
1071626
1072104
1073466
1073881
1073984
1074151
1074230
1074322
1074424
1074538
1074595
1075428
1075521
1076308
1076476
1076732
1076925
1077000
1078600
1079489
1081089
1082689
1082748
1083644
1085244
1086844
1088444
1090044
1091644
1093244
1094702
1096015
1097582
1099084
1100684
1102284
1103884
1105484
1107084
1108684
1110284
1111884
1113484
1115084
1116684
1118284
1119884
1121484
1123084
1124684
1126284
1127884
1129484
1131084
1132684
1134284
1135877
1137477
1139077
1140677
1142277
1143877
1145477
1146967
1147202
1148328
1149123
1150723
1152323
1153923
1155523
1157123
1158723
1160323
1161923
1163523
1164164
1165655
1167217
1168817
1170417
1172017
1172961
1174561
1176161
1177761
1179361
1180961
1182561
1184161
1185761
1187361
1188961
1190528
1192087
1193687
1195287
1196703
1196926
1196978
1198578
1198751
1199705
1199796
1201396
1202996
1204596
1206196
1207796
1209396
1209485
1211085
1212685
1214165
1215765
1217365
1218965
1220565
1222165
1223765
1225365
1226965
1228467
1230067
1231667
1233214
1234805
1236405
1238005
1239605
1241205
1242805
1244405
1246005
1247605
1249105
1249217
1250755
1252355
1253955
1255555
1257155
1258755
1260260
1261860
1263251
1264658
1266107
1267387
1268951
1270551
1272151
1273592
1274331
1275785
1277385
1278985
1280585
1282185
1283785
1285385
1286985
1288585
1290185
1291785
1291869
1293469
1295069
1296669
1298269
1299869
1301469
1303069
1304669
1306269
1307869
1309469
1311069
1312669
1314269
1315869
1317243
1318843
1320293
1321839
1323439
1324468
1325700
1326595
1327452
1328800
1330400
1331923
1333523
1335123
1336723
1338065
1339535
1341012
1341111
1342502
1344102
1345702
1345807
1345894
1347494
1349094
1350671
1352271
1353871
1355471
1357071
1358225
1359825
1361425
1363025
1364569
1366169
1367769
1369369
1370969
1372569
1374169
1375769
1377369
1378969
1379995
1381502
1383015
1384615
1386167
1387593
1388997
1390382
1391297
1392807
1394304
1395731
1397044
1398558
1399185
1400681
1402281
1402388
1402509
1402580
1403990
1405411
1406872
1406974
1408470
1409888
1410921
1412444
1413896
1415496
1417096
1418660
1418756
1420356
1421956
1423556
1425156
1426756
1428356
1429956
1431556
1433156
1434756
1434838
1435308
1436908
1436992
1437162
1438692
1440050
1441359
1441689
1443011
1444385
1444700
1444753
1444818
1444996
1446596
1448196
1449723
1451120
1452513
1453943
1455404
1456970
1457479
1459079
1460118
1461229
1461447
1461857
1462040
1463504
1463609
1464224
1464344
1465499
1465576
1465748
1465834
1466014
1466539
1466698
1466877
1467540
1467771
1468190
1468579
1468788
1470388
1471988
1473588
1475188
1476788
1478388
1479988
1481588
1483188
1484788
1486388
1487988
1489588
1491188
1492788
1494388
1495988
1497588
1499188
1500788
1502388
1503988
1505588
1507188
1508202
1509802
1511402
1513002
1514602
1516202
1517802
1519282
1520882
1522482
1523066
1523762
1525321
1526861
1528461
1528747
1530347
1531121
1532721
1533608
1535208
1536808
1538408
1540008
1541608
1543208
1544808
1546408
1548008
1549608
1551208
1552808
1554408
1556008
1557608
1559208
1560808
1562219
1563491
1564520
1565869
1567089
1568370
1568927
1570269
1570643
1571281
1571610
1571899
1572119
1572370
1572621
1572826
1573225
1573968
1574459
1574782
1576245
1577097
1577596
1577922
1579317
1580917
1581298
1582754
1584354
1584810
1586410
1587878
1589423
1589855
1591455
1593055
1594655
1596255
1597855
1599455
1601055
1602655
1604255
1605855
1607455
1609055
1610655
1612255
1613855
1615406
1616817
1617376
1618976
1620576
1622176
1623776
1624025
1625385
1625672
1627272
1628635
1629850
1630654
1632254
1633710
1635199
1636799
1638399
1639999
1641487
1643087
1644687
1646287
1647795
1649395
1650995
1652595
1653389
1654943
1656526
1658053
1659271
1660716
1662267
1663767
1665367
1666967
1668470
1669889
1671322
1672785
1674220
1675541
1677027
1678387
1679679
1680852
1681997
1683109
1684348
1685202
1686475
1687756
1688856
1690082
1691343
1692524
1693772
1695057
1695222
1696479
1697822
1699154
1700562
1701838
1703424
1704890
1706432
1707954
1709554
1711058
1712611
1714211
1715777
1717037
1718384
1719592
1721192
1722724
1724143
1725642
1726282
1727758
1729174
1730565
1731999
1733370
1734785
1736385
1737985
1739428
1740687
1741974
1742968
1744189
1745527
1745633
1747055
1748445
1749705
1750425
1751739
1753131
1754731
1756158
1757758
1759015
1760590
1762190
1763710
1763800
1764071
1765147
1765334
1766674
1767376
1768657
1770017
1771293
1772405
1773335
1774910
1776339
1777693
1779185
1780680
1782072
1783509
1784996
1786582
1787987
1789587
1791076
1791405
1792781
1794099
1795699
1797021
1798457
1799712
1800957
1802375
1803752
1804588
1805992
1807326
1808714
1810197
1811797
1813397
1814997
1816597
1818193
1819793
1821393
1822993
1824593
1826193
1827793
1829091
1830460
1831716
1832933
1834354
1835616
1836352
1837656
1839256
1840752
1842258
1843686
1845141
1846741
1847494
1849094
1850546
1852146
1853268
1854606
1856206
1857525
1859038
1859243
1860660
1862024
1863335
1864935
1866403
1867719
1868989
1870266
1871608
1872863
1874031
1875631
1877231
1878831
1880209
1881809
1883302
1884857
1885558
1885939
1886649
1887870
1888945
1890167
1891679
1892888
1894290
1895594
1896775
1898056
1898587
1899783
1901383
1902723
1904043
1905594
1907015
1908548
1909958
1911512
1913112
1914712
1916067
1917308
1918502
1919913
1921201
1922699
1924299
1925899
1927277
1928787
1930256
1931665
1933061
1934505
1935740
1936771
1937361
1938961
1940260
1941860
1942331
1943931
1945531
1946904
1948327
1949927
1950292
1951562
1953162
1954762
1956265
1957656
1958950
1960179
1960835
1961638
1961823
1962967
1963389
1964701
1965867
1966197
1967180
1968558
1970158
1971758
1973358
1974958
1976558
1978158
1979694
1981294
1982894
1984494
1986094
1987694
1989294
1990894
1992265
1993498
1994904
1996122
1997713
1999313
2000913
2002513
2004006
2005430
2006847
2008073
2009117
2010695
2012067
2013667
2015267
2016867
2018161
2019360
2020313
2021913
2023513
2025113
2026579
2028092
2029692
2031292
2032892
2034492
2036092
2036797
2038105
2039705
2041304
2042512
2044112
2045712
2047131
2048731
2050331
2051931
2053531
2055131
2056731
2058331
2059931
2061531
2063131
2064731
2066331
2067931
2069531
2071131
2072731
2074331
2075931
2077531
2079131
2080731
2082331
2083931
2085531
2087131
2088731
2090331
2091931
2093531
2095131
2096731
2097397
2098084
2098976
2100439
2100867
2101942
2103158
2103595
2104831
2105496
2105773
2106378
2106969
2107293
2107771
2108851
2109247
2110476
2111400
2112533
2113876
2115271
2116871
2118471
2120071
2121671
2123271
2124871
2126471
2128071
2129671
2131271
2132871
2134471
2135890
2137490
2139090
2140690
2142290
2143890
2145490
2147090
2148690
2150290
2150810
2152410
2154010
2155610
2157210
2157803
2159403
2161003
2162603
2164203
2165700
2167300
2168900
2170500
2172100
2173700
2175284
2176884
2178163
2179763
2181363
2182930
2184530
2186130
2187364
2188753
2190121
2191721
2193321
2194921
2196521
2198120
2199458
2201058
2202518
2204118
2205718
2207318
2208918
2210518
2212116
2213716
2215316
2216916
2218516
2218827
2220211
2221700
2223260
2223671
2225271
2226871
2228368
2229962
2231562
2233162
2234762
2236362
2237962
2239525
2241125
2242336
2243315
2244842
2246442
2246617
2248217
2249817
2251417
2252761
2254361
2255961
2257561
2259116
2260716
2262212
2263795
2265395
2266966
2268479
2270079
2271673
2272892
2274361
2275961
2276820
2278420
2280020
2281386
2281838
2283438
2284930
2286010
2287226
2288608
2288908
2290124
2291724
2293324
2294924
2296391
2297991
2299532
2300997
2302472
2302924
2304524
2306103
2307703
2309288
2310868
2312468
2313341
2314679
2316279
2316996
2318596
2320039
2321397
2321845
2322180
2323092
2323738
2324253
2324494
2324793
2325312
2326739
2328310
2329910
2331510
2332122
2333376
2334976
2336486
2338086
2339686
2341286
2342886
2344262
2345240
2346656
2347146
2348746
2350284
2351708
2353133
2354733
2355432
2357025
2358577
2359897
2361363
2362963
2364563
2366163
2367763
2369363
2370809
2372409
2374009
2375609
2377209
2378649
2380171
2381771
2383255
2384369
2385782
2386267
2387437
2388464
2389085
2390244
2391540
2392749
2393115
2394359
2395757
2397093
2398693
2400135
2400735
2401978
2403085
2404247
2404506
2405711
2406927
2408241
2409841
2411441
2413041
2414641
2415769
2417010
2418271
2419592
2420961
2422358
2422700
2424061
2425661
2426880
2428467
2429763
2431186
2432666
2434132
2435567
2436575
2437785
2439177
2440705
2441586
2443131
2444332
2445102
2446361
2447736
2449053
2450260
2451493
2452748
2454159
2455322
2456680
2458068
2459278
2460362
2461801
2463311
2464911
2466511
2467872
2469334
2470934
2471908
2472292
2473486
2474943
2476459
2477959
2478090
2479404
2480572
2481845
2483012
2484306
2485906
2487288
2488748
2489952
2490342
2491732
2492163
2493384
2493726
2493821
2495006
2495993
2497175
2498483
2499844
2501444
2502764
2503162
2504688
2506275
2507875
2509314
2510914
2511727
2512673
2513316
2514728
2515860
2517027
2518181
2519470
2520931
2522531
2524131
2525731
2527188
2528788
2530383
2531983
2533356
2534937
2535757
2536844
2538030
2539297
2540897
2542497
2544004
2544419
2544763
2545739
2546822
2548031
2549183
2550293
2551410
2552630
2553969
2555513
2556799
2558350
2559919
2561519
2562987
2564085
2565448
2567048
2568593
2570193
2571543
2572864
2574464
2575652
2576656
2578179
2579587
2581187
2582404
2584004
2585596
2587196
2588796
2590396
2591996
2593596
2595196
2596599
2598022
2599542
2600955
2602081
2602519
2603740
2605340
2606940
2608540
2610140
2611740
2613340
2614940
2616540
2618140
2619740
2620026
2621626
2622883
2624462
2625981
2627175
2628269
2629834
2631434
2633034
2634634
2636173
2637216
2638388
2639559
2640806
2641770
2642315
2643539
2644656
2646137
2647457
2648068
2649302
2650808
2652408
2653800
2654355
2655765
2657331
2658931
2660394
2661296
2662896
2664496
2665778
2666235
2667310
2668910
2670510
2671171
2672771
2674323
2675892
2677492
2678158
2679635
2681235
2682697
2684297
2685897
2687497
2689097
2690597
2692197
2693797
2695291
2696668
2698013
2699379
2700635
2702235
2703641
2704952
2705116
2705730
2706931
2708253
2709415
2710983
2711279
2711875
2712018
2712796
2714347
2715226
2715383
2716180
2717341
2718585
2718866
2720450
2721305
2722905
2724505
2726105
2727705
2729305
2730905
2732489
2734089
2735582
2737138
2738738
2740338
2741542
2742970
2744225
2745361
2746594
2747245
2748376
2749928
2751436
2752513
2753724
2754154
2755408
2756623
2758056
2758751
2759646
2761246
2762846
2764037
2764628
2765928
2766422
2767632
2768232
2769208
2770544
2771579
2772990
2774313
2774539
2776139
2777739
2778609
2779902
2781198
2781617
2781843
2782061
2783124
2783840
2785107
2786396
2786729
2787550
2788709
2789256
2790378
2791947
2793547
2795147
2796747
2798243
2798972
2800462
2801981
2802593
2803819
2804603
2805691
2806278
2807147
2808415
2808820
2808943
2810243
2810666
2812126
2812934
2814347
2814537
2815626
2816121
2816757
2817476
2818705
2819674
2820697
2821736
2822894
2822999
2824143
2825449
2826634
2827768
2828066
2829273
2830732
2832332
2833932
2835532
2837130
2838208
2838436
2839699
2840719
2841700
2842528
2843820
2845338
2846609
2847794
2849149
2850555
2851713
2851806
2852975
2854575
2855999
2857495
2859095
2860695
2862238
2863830
2865430
2865949
2867549
2868522
2868928
2869607
2870665
2871787
2873005
2873854
2874168
2874384
2875333
2876527
2877996
2879439
2880654
2881066
2881724
2882730
2884077
2884514
2884738
2885289
2886493
2887671
2887907
2888938
2889198
2889326
2890926
2892289
2893512
2894746
2895507
2896674
2897365
2897714
2898863
2900237
2901837
2903437
2905015
2906615
2908191
2909791
2911246
2912846
2913981
2915484
2917084
2917299
2918899
2920499
2922099
2923699
2925212
2926812
2928412
2930012
2931612
2932114
2933714
2934056
2934437
2934596
2934820
2935025
2935288
2935446
2935581
2935664
2935799
2935926
2936165
2937034
2937935
2938228
2939828
2940267
2941180
2941592
2941806
2942023
2942376
2943146
2943793
2944613
2945060
2945199
2945630
2946215
2946523
2946652
2946902
2947368
2947968
2948460
2948690
2948908
2949528
2949957
2950373
2950670
2950945
2951906
2952372
2953385
2954332
2955297
2956255
2956647
2956941
2957320
2957728
2959328
2960285
2961286
2962231
2962746
2963759
2964489
2965456
2966472
2967454
2968121
2969084
2970126
2970350
2971055
2972057
2973135
2974115
2974374
2975385
2976245
2977280
2977853
2978661
2979054
2980153
2981151
2982164
2983764
2984786
2985929
2986162
2987204
2988344
2989609
2991006
2992480
2993845
2995215
2996599
2997763
2998463
2999787
3000664
3001682
3002920
3003172
3004270
3005582
3006349
3006871
3007228
3007501
3007998
3008252
3008457
3009523
3010891
3012154
3013487
3014772
3016234
3017451
3018620
3019822
3021097
3022284
3023477
3024559
3025702
3026487
3026723
3027103
3028222
3028794
3029150
3029329
3029520
3029842
3030114
3030520
3030739
3031615
3032277
3032535
3032777
3033113
3033767
3034021
3034524
3035284
3035918
3036502
3037429
3038016
3038320
3039210
3039820
3040110
3041083
3042127
3042721
3043217
3043488
3043816
3044650
3044886
3045561
3046345
3046485
3046670
3047553
3048478
3049456
3049931
3050346
3050579
3050903
3051465
3051716
3052715
3053981
3054386
3054520
3055235
3055693
3055947
3056720
3057910
3059510
3061110
3062710
3063974
3065574
3067174
3068774
3070292
3071391
3072891
3073492
3073871
3075102
3075810
3076342
3077520
3078393
3078630
3078850
3079187
3080061
3080961
3081133
3082039
3082172
3082465
3082770
3083055
3083396
3084712
3086250
3086867
3088438
3090036
3091002
3091187
3091320
3091946
3093180
3093433
3093745
3094098
3094987
3095128
3096042
3096952
3097088
3097422
3097922
3098902
3099698
3100071
3101373
3101738
3102889
3103363
3103596
3105196
3106768
3107961
3109561
3111161
3112761
3114309
3115312
3115912
3117512
3119112
3120502
3120777
3122180
3123557
3124507
3124678
3125212
3125556
3126667
3127771
3128752
3129772
3130879
3131859
3133043
3133589
3134690
3135083
3135495
3135802
3136090
3137036
3137787
3138181
3138375
3139190
3139519
3140783
3141160
3141429
3142315
3143332
3144337
3144683
3145760
3146782
3147709
3148648
3149409
3149975
3150756
3151582
3152142
3153121
3153898
3154862
3155707
3156394
3157185
3158031
3158548
3158947
3159844
3160056
3160588
3161518
3162406
3162833
3163842
3164325
3164583
3165304
3165524
3166360
3166693
3167082
3167663
3167721
3168049
3168548
3169054
3169884
3170604
3170821
3171839
3173206
3174336
3175513
3176104
3176770
3178014
3178733
3179848
3180826
3182118
3183269
3184145
3185530
3186164
3186972
3187968
3189032
3189284
3190216
3190432
3191037
3192215
3193326
3193837
3195437
3196449
3197587
3198611
3198975
3200102
3200965
3201904
3202639
3203659
3204623
3205642
3206707
3206906
3206988
3207373
3208973
3209758
3211358
3211678
3212863
3214463
3216063
3217616
3218984
3220466
3222066
3223212
3223615
3225215
3225889
3226772
3227995
3228851
3229204
3229862
3230065
3231329
3232710
3234277
3235056
3236311
3236823
3237126
3238242
3239586
3240703
3241161
3241405
3241919
3242931
3244086
3245134
3246383
3246577
3247527
3247977
3248329
3248923
3249532
3249716
3250574
3251366
3251982
3252205
3252737
3253063
3253747
3254218
3254605
3254843
3255159
3255877
3256289
3257193
3258142
3259104
3259626
3260661
3260859
3261838
3262540
3262825
3263060
3263297
3263825
3264084
3264376
3264604
3265102
3265377
3265586
3265750
3266000
3266253
3266565
3267052
3267308
3267601
3268493
3269369
3269683
3269847
3270372
3271221
3271875
3272052
3272327
3273283
3273606
3274104
3274379
3275121
3275526
3275864
3276848
3277277
3278410
3278915
3279189
3280259
3281184
3282169
3282476
3282694
3283083
3283664
3284234
3285066
3285792
3286324
3286591
3287182
3287252
3287432
3288402
3288688
3289002
3289089
3290156
3291108
3291467
3292393
3292692
3293180
3293398
3293981
3294289
3295246
3296302
3296990
3297494
3297737
3298243
3299023
3299259
3299674
3299976
3300325
3300716
3301567
3301715
3302029
3302531
3302708
3303210
3303695
3304581
3305436
3306082
3306847
3307116
3307455
3307677
3308041
3308630
3309486
3310106
3311002
3311233
3311639
3312331
3313159
3314036
3314270
3315124
3315523
3316099
3317024
3317456
3317798
3318717
3318994
3319612
3319783
3320133
3320856
3321410
3321689
3322218
3322921
3323136
3324017
3324514
3325365
3326222
3326447
3326834
3327244
3327517
3327973
3328307
3328621
3329187
3329576
3329903
3330703
3330940
3331187
3331783
3332153
3332459
3332926
3333422
3334055
3334840
3335341
3335694
3336198
3336450
3337024
3337337
3337918
3338306
3338501
3338636
3338913
3339171
3339356
3340034
3340400
3341322
3341652
3341966
3342481
3342973
3343646
3343888
3344096
3344429
3344884
3345537
3346311
3347187
3347561
3348507
3349439
3349781
3350182
3350478
3350975
3351224
3351338
3352111
3352762
3352961
3353425
3353727
3354630
3355551
3355933
3356295
3356615
3356789
3357419
3357895
3358067
3358212
3358446
3358671
3359047
3359416
3359643
3359998
3360346
3361067
3361277
3361546
3361762
3362092
3362968
3363825
3364428
3364804
3365202
3366110
3366996
3367258
3367669
3368119
3368554
3369123
3370036
3370400
3371038
3371658
3372027
3372336
3373177
3373810
3374257
3375110
3375586
3376149
3377004
3377356
3377816
3378726
3378999
3379299
3379523
3380014
3380636
3381533
3382191
3382715
3383007
3383292
3383865
3384644
3385048
3385483
3386009
3386713
3387652
3388347
3388771
3389017
3389359
3389846
3390203
3390493
3390872
3391269
3392101
3392350
3392875
3393111
3393716
3394433
3394891
3395369
3395732
3396019
3396344
3396728
3397175
3397392
3397637
3398163
3398342
3398816
3399197
3399404
3399911
3400151
3400366
3400938
3401145
3401486
3401767
3401984
3402269
3403149
3403543
3404462
3404984
3405317
3405852
3406009
3406603
3407004
3407521
3407932
3408255
3408775
3410375
3411975
3412841
3414441
3415500
3417100
3418700
3420300
3421617
3421970
3423570
3424103
3425275
3425567
3426136
3427303
3427789
3429273
3429716
3429923
3430951
3431300
3432151
3433125
3433519
3433975
3434175
3435094
3435611
3436127
3436654
3438254
3438407
3438845
3439402
3439722
3440040
3440539
3440755
3441284
3441479
3441698
3442234
3442490
3442660
3443019
3444091
3444261
3444456
3444669
3444886
3445405
3445577
3445737
3445988
3446474
3447149
3447722
3447964
3448457
3449327
3449622
3450191
3450497
3450719
3450889
3451332
3451838
3452019
3452185
3452821
3453092
3453622
3453935
3454330
3454714
3454914
3455078
3455693
3455950
3456332
3456634
3456901
3457041
3457262
3457450
3457804
3458088
3458468
3458949
3459302
3459976
3460162
3460307
3460522
3460731
3461056
3461447
3462010
3462688
3463579
3463802
3464095
3465012
3465340
3465636
3466686
3466895
3467335
3467781
3468084
3468948
3469211
3469464
3469898
3470379
3470552
3470997
3471196
3471472
3471827
3472006
3472298
3472985
3473479
3473886
3474362
3474610
3474988
3475205
3475833
3476601
3477113
3477644
3478281
3478620
3479036
3479701
3480080
3480349
3480660
3480941
3481812
3482190
3482530
3482775
3483022
3483288
3483982
3484266
3484863
3485282
3485533
3485900
3486354
3486628
3486809
3487033
3487556
3488052
3488489
3488781
3489156
3489328
3489608
3489790
3490022
3490208
3490376
3490624
3491045
3491239
3491457
3491676
3492315
3492510
3492717
3492943
3493163
3493366
3493672
3493826
3494009
3494233
3494411
3494611
3495106
3495362
3495901
3496153
3496337
3496546
3496890
3497093
3497422
3497601
3498409
3498691
3498875
3499050
3499289
3499517
3499812
3499963
3500310
3500625
3501178
3501536
3502363
3502819
3503151
3503383
3503655
3503790
3504464
3504680
3505083
3505239
3505432
3506245
3506638
3506813
3507104
3507465
3507707
3507904
3508114
3508312
3508593
3508839
3508995
3509194
3509574
3509830
3510399
3510537
3510678
3511093
3511611
3511888
3512206
3512676
3512910
3513069
3513288
3513529
3514311
3514623
3514933
3515135
3515571
3515717
3515917
3516136
3516438
3516700
3517010
3517224
3517516
3517753
3517923
3518205
3518415
3518642
3518886
3519076
3519231
3519673
3519875
3520059
3520385
3520667
3520814
3521066
3521530
3521845
3521987
3522384
3522522
3522715
3522900
3523185
3523437
3523674
3523886
3524165
3524361
3524567
3524719
3525125
3525310
3525475
3525727
3525935
3526132
3526312
3526992
3527309
3527485
3527723
3528090
3528341
3528629
3528849
3529309
3529897
3530102
3530735
3530981
3531375
3531547
3531699
3531813
3532087
3532217
3532529
3532735
3533062
3533184
3533420
3533571
3533927
3534318
3534527
3534718
3534857
3535005
3535271
3535421
3535677
3535845
3536057
3536198
3536637
3536789
3537091
3537414
3537969
3538122
3538323
3538778
3539014
3539131
3539291
3539603
3539879
3540321
3540607
3540807
3540964
3541130
3541331
3541611
3541884
3542676
3542828
3542971
3543172
3543380
3543671
3544003
3544118
3544304
3544626
3544875
3545425
3545811
3545967
3546363
3546549
3546781
3547090
3547263
3547446
3547660
3548454
3548714
3548874
3549046
3549435
3549610
3550055
3550345
3550700
3550992
3551277
3551448
3551772
3552310
3552524
3552716
3552935
3553361
3553525
3553719
3553907
3554045
3554261
3554564
3554696
3555320
3555592
3555794
3556144
3556438
3556817
3557201
3557351
3557511
3557735
3558318
3558431
3558612
3558839
3559630
3559784
3559909
3560248
3560439
3561217
3561446
3561613
3561928
3562146
3562489
3562907
3563265
3563580
3563735
3563972
3564088
3564456
3564621
3564744
3565104
3565398
3565546
3565743
3565813
3566011
3566139
3566746
3566899
3567414
3567571
3568045
3568364
3568774
3569061
3569281
3569473
3569748
3569833
3569999
3570107
3570319
3570493
3570726
3570914
3571140
3571346
3571521
3571951
3572327
3572511
3572652
3572802
3573105
3573245
3573483
3573631
3573862
3574142
3574341
3574553
3574744
3574832
3574986
3575164
3575293
3575703
3575864
3576655
3576907
3577214
3577805
3577982
3578226
3578532
3578712
3579077
3579405
3579500
3579908
3580144
3580592
3580740
3580904
3581103
3581309
3581728
3581893
3582040
3582126
3582276
3582478
3582611
3582762
3583124
3583299
3583781
3583933
3584203
3584378
3584572
3584786
3584882
3585117
3585560
3585730
3585866
3585967
3586102
3586325
3586800
3587203
3587401
3587606
3587727
3588032
3588255
3588485
3588809
3588983
3589296
3589588
3590382
3590639
3591181
3591355
3591756
3591963
3592562
3592816
3593087
3593275
3593593
3594396
3594543
3594681
3594910
3595104
3595209
3595439
3595750
3596050
3596595
3597083
3597157
3597299
3598031
3598263
3598436
3598579
3598900
3599260
3599587
3599781
3599945
3600176
3600419
3600568
3600994
3601821
3602237
3602456
3602611
3602848
3603171
3603275
3603622
3603845
3603928
3604303
3604549
3604642
3604990
3605280
3605871
3606337
3606507
3606664
3606959
3607387
3607706
3608302
3608467
3608572
3608785
3608887
3609058
3609278
3609391
3609721
3610072
3610362
3610554
3610753
3610934
3611093
3611467
3611764
3611907
3612323
3612823
3612978
3613747
3613928
3614099
3614658
3614866
3615110
3615287
3615694
3616120
3616253
3616472
3616640
3616802
3617099
3617399
3617738
3618007
3618186
3618409
3618534
3618717
3618860
3618968
3619079
3619585
3619830
3620289
3620486
3620888
3621057
3621506
3621691
3622500
3622902
3623089
3623294
3623570
3623689
3623822
3623992
3624142
3624546
3624825
3625155
3625627
3625750
3626114
3626958
3627206
3627749
3627844
3627946
3628530
3628815
3629414
3629585
3629892
3630712
3631420
3631666
3632229
3632560
3633068
3633268
3633469
3633772
3634178
3634373
3634550
3635174
3635480
3635823
3635970
3636172
3636455
3636704
3636925
3637306
3637857
3638111
3638387
3638900
3639216
3639447
3639807
3640490
3640796
3640937
3641280
3641579
3641819
3642217
3642528
3642906
3643755
3644045
3644262
3644455
3644703
3644814
3645024
3645283
3645437
3645647
3646474
3646801
3647120
3647963
3648834
3649017
3649177
3649326
3649484
3650075
3650317
3650662
3650798
3650930
3651027
3651247
3651420
3651640
3651832
3652021
3652342
3652532
3652935
3653170
3653301
3653525
3653633
3653917
3654131
3654361
3654544
3654696
3654952
3655119
3655230
3655587
3655763
3656044
3656184
3656751
3657037
3657205
3657406
3657622
3658064
3658347
3658568
3658745
3659112
3659335
3659660
3660029
3660245
3660410
3660739
3660961
3661709
3662521
3662790
3662980
3663178
3663426
3663633
3663870
3664135
3664425
3664742
3664988
3665129
3665434
3665987
3666292
3666576
3666789
3667315
3667573
3667754
3668000
3668247
3668721
3668901
3669460
3669576
3669704
3670218
3670757
3671143
3671376
3671657
3672150
3672345
3672577
3672901
3673229
3673392
3673647
3673856
3674015
3674308
3674471
3674647
3674845
3675064
3675801
3676143
3676501
3676750
3676998
3677425
3677577
3677747
3678133
3678634
3678876
3679126
3679342
3679737
3680003
3680331
3680715
3680873
3680982
3681144
3681980
3682312
3682669
3682854
3683056
3683507
3683748
3683971
3684180
3684363
3684558
3684873
3685083
3685521
3685668
3686136
3686322
3686491
3686692
3686848
3687085
3687296
3687867
3688522
3688679
3688979
3689121
3689725
3690020
3690266
3690513
3690747
3690976
3691148
3691321
3692165
3692532
3692886
3693613
3693809
3693966
3694183
3694683
3694880
3695084
3695214
3695402
3695608
3695898
3696055
3696241
3696493
3696661
3697059
3697302
3697481
3697711
3697959
3698207
3698421
3698769
3698908
3699026
3699233
3699625
3699776
3699980
3700160
3700366
3700550
3700970
3701587
3701965
3702210
3702906
3703098
3703251
3703737
3703865
3704132
3704278
3704437
3704759
3705046
3705218
3705396
3705722
3705900
3706303
3706626
3707058
3707343
3707586
3707853
3708255
3708609
3708795
3709018
3709332
3709509
3709946
3710100
3710299
3710500
3710688
3710841
3710984
3711280
3711699
3712575
3712746
3713080
3713465
3713892
3714317
3714526
3714695
3714935
3715132
3715546
3715931
3716039
3716193
3716691
3716908
3717199
3718067
3718273
3718421
3718592
3718817
3719068
3719735
3719973
3720296
3720467
3720671
3720941
3721239
3721406
3721680
3721997
3722583
3722692
3722858
3723021
3723106
3723234
3723726
3724260
3724455
3724554
3724711
3725082
3725221
3725346
3725814
3725975
3726124
3726334
3726559
3726744
3726859
3727140
3727360
3727572
3727789
3728145
3728330
3728473
3728669
3728829
3729072
3729245
3729725
3730107
3730343
3730655
3730968
3731212
3731490
3731789
3732162
3732295
3732533
3733065
3733712
3733994
3734256
3734423
3734752
3734938
3735103
3735727
3736341
3736600
3737072
3737270
3737414
3737893
3738109
3738338
3738846
3739338
3739517
3740321
3740555
3740903
3741067
3741262
3741694
3741887
3742096
3742372
3742563
3743159
3743468
3743629
3743862
3744028
3744178
3744329
3744593
3744753
3744911
3745060
3745191
3745375
3745548
3745982
3746401
3746615
3747027
3747488
3747963
3748181
3748467
3748653
3749070
3749286
3749585
3749790
3750035
3750528
3750876
3751165
3751320
3751563
3751944
3752478
3752782
3753021
3753244
3753645
3753783
3754017
3754355
3754551
3754762
3755096
3755259
3755995
3756253
3756444
3756640
3757490
3757821
3758116
3758461
3758995
3759220
3759673
3759953
3760400
3760714
3760865
3761036
3761232
3761463
3761641
3761920
3762270
3762596
3762792
3763252
3763666
3764034
3764188
3764432
3764579
3764704
3764907
3765164
3765324
3765908
3766181
3766509
3767197
3767386
3767854
3768005
3768232
3768516
3768768
3769160
3769350
3770015
3770198
3770358
3770573
3771024
3771318
3771625
3771770
3771956
3772421
3772632
3772984
3773195
3773440
3773605
3773802
3773904
3774094
3774258
3774489
3774698
3774878
3775040
3775370
3775966
3776154
3776365
3776559
3777244
3777433
3777609
3777882
3778069
3778211
3778872
3779051
3779403
3780082
3780539
3780834
3781087
3781289
3781456
3781709
3781948
3782315
3782556
3782727
3782874
3783047
3783427
3783593
3783943
3784304
3784559
3784662
3785036
3785407
3785622
3785727
3785898
3786044
3786227
3786448
3786676
3786848
3787242
3787418
3787852
3788139
3788401
3788600
3788789
3789161
3789445
3789725
3789949
3790380
3790692
3790815
3791049
3791409
3791740
3791928
3792353
3792561
3792772
3792941
3793489
3793881
3794065
3794677
3794843
3795093
3795260
3795576
3795753
3796010
3796191
3796413
3796631
3797059
3797321
3797726
3798055
3798192
3798472
3798629
3798804
3798982
3799198
3799301
3799526
3799692
3799951
3800120
3800417
3800640
3800988
3801224
3801339
3801785
3801985
3802364
3802599
3802796
3802990
3803167
3803308
3803500
3803930
3804139
3804445
3804792
3805111
3805306
3806133
3806458
3806798
3806948
3807082
3807327
3807564
3807829
3808034
3808234
3808415
3808554
3808685
3808860
3809060
3809286
3809600
3809764
3809948
3810221
3810376
3810542
3810734
3811039
3811227
3811579
3812082
3812224
3812397
3812590
3813268
3813447
3813632
3813844
3814139
3814432
3814591
3815348
3815847
3816233
3816406
3816710
3816943
3817261
3817420
3817743
3817875
3818091
3818255
3818426
3818634
3818803
3819658
3819823
3820648
3820822
3821039
3821278
3821442
3821813
3821992
3822185
3822401
3822704
3822933
3823178
3823355
3823531
3823734
3823895
3824158
3824349
3824705
3824896
3825030
3825259
3825426
3825605
3825772
3826123
3826487
3826685
3826876
3827058
3827376
3828117
3828281
3828524
3828705
3829340
3829619
3830289
3830396
3830536
3830681
3830918
3831282
3831431
3831781
3831953
3832158
3832337
3832633
3832920
3833046
3833202
3833567
3833758
3833932
3834094
3834241
3834457
3834607
3834787
3835005
3835294
3835661
3835826
3835973
3836132
3836352
3836629
3836801
3836946
3837312
3837435
3837601
3837729
3837976
3838154
3838314
3838822
3838998
3839177
3839361
3839485
3839754
3839900
3840181
3840345
3840970
3841156
3841323
3841472
3841934
3842089
3842466
3842777
3843084
3843260
3843435
3843593
3843948
3844117
3844327
3844493
3844703
3845217
3845349
3845733
3845847
3845993
3846143
3846352
3846506
3846681
3846856
3847233
3847388
3847583
3847822
3847985
3848070
3848257
3848433
3848597
3848881
3848964
3849126
3849297
3849543
3849842
3849976
3850229
3850381
3850586
3850695
3850910
3851061
3851382
3851562
3851752
3851869
3852007
3852256
3852447
3852630
3852780
3852942
3853111
3853312
3853443
3853562
3853832
3854423
3854832
3855104
3855229
3855577
3855797
3855916
3856150
3856531
3856664
3856824
3857077
3857285
3857492
3857731
3857938
3858200
3858327
3858404
3858539
3858850
3859044
3859188
3859350
3859499
3859609
3859833
3859930
3860105
3860250
3860416
3860741
3861007
3861199
3861392
3861647
3861804
3862001
3862318
3862656
3862971
3863155
3863622
3863766
3863942
3864123
3864319
3864507
3864791
3864930
3865050
3865166
3865319
3865543
3865697
3865865
3866009
3866346
3866730
3867208
3867329
3867684
3867844
3868032
3868259
3868378
3868550
3868708
3868869
3869052
3869213
3869335
3869464
3869632
3869785
3870051
3870195
3870377
3870568
3870714
3870834
3871171
3871453
3871644
3871797
3871918
3872084
3872252
3872441
3872612
3872742
3872897
3873043
3873216
3873408
3873583
3873709
3873858
3874009
3874223
3874418
3874591
3874729
3874863
3875181
3875294
3875587
3875776
3875967
3876176
3876410
3876564
3876679
3876836
3876984
3877145
3877528
3877695
3877831
3877971
3878113
3878481
3878700
3878825
3879068
3879213
3879293
3879438
3879614
3879814
3879898
3880185
3880332
3880522
3880774
3880911
3881038
3881228
3881384
3881564
3881758
3881946
3882115
3882308
3882486
3882792
3882950
3883167
3883591
3883940
3884141
3884314
3884473
3884635
3884749
3884842
3884981
3885146
3885344
3885491
3885580
3885720
3885901
3886022
3886150
3886316
3886423
3886744
3886913
3887016
3887222
3887384
3887546
3887887
3888132
3888289
3888601
3888728
3888838
3889011
3889235
3889397
3889580
3889822
3889963
3890118
3890284
3890424
3890584
3890820
3891009
3891208
3891496
3891640
3891913
3892035
3892159
3892395
3892621
3892777
3892927
3893096
3893299
3893457
3893583
3893856
3894011
3894189
3894370
3894670
3894839
3895002
3895342
3895475
3895789
3896082
3896361
3896679
3897009
3897220
3897411
3897800
3897992
3898129
3898255
3898487
3898937
3899077
3899229
3899814
3899982
3900168
3900398
3900501
3900963
3901335
3901507
3901648
3901821
3902120
3902198
3902338
3902506
3902763
3902906
3903051
3903273
3903435
3903791
3903931
3904100
3904291
3904451
3904573
3904914
3905072
3905427
3905630
3905818
3905913
3906215
3906400
3906590
3906838
3906929
3907069
3907202
3907369
3907479
3907633
3907894
3908111
3908211
3908357
3908726
3908942
3909193
3909322
3909464
3909629
3909772
3909870
3910049
3910281
3910443
3910557
3910933
3911166
3911348
3911602
3911745
3911911
3912042
3912447
3912621
3912948
3913110
3913241
3913725
3913851
3914015
3914186
3914427
3914640
3914848
3915047
3915199
3915332
3915484
3915626
3916042
3916275
3916413
3916534
3916728
3916929
3917106
3917304
3917433
3917564
3917700
3917904
3918056
3918239
3918578
3918727
3918929
3919075
3919216
3919519
3919679
3920102
3920270
3920517
3920707
3920876
3921155
3921314
3921731
3921884
3922046
3922303
3922496
3922853
3923008
3923118
3923636
3923792
3923966
3924182
3924306
3924472
3924700
3924861
3925098
3925267
3925422
3925593
3925784
3926121
3926312
3926550
3926690
3926981
3927223
3927357
3927697
3927856
3928598
3928752
3928839
3929170
3929638
3929834
3930024
3930222
3930463
3930547
3930703
3930910
3931062
3931187
3931439
3931649
3931866
3932148
3932289
3932482
3932593
3932821
3933034
3933309
3933477
3933633
3933787
3933892
3934090
3934254
3934428
3934614
3934886
3935043
3935176
3935642
3936009
3936162
3936285
3936440
3936698
3936831
3937032
3937178
3937307
3937484
3937632
3937815
3938352
3938498
3938995
3939131
3939257
3939364
3939838
3940052
3940242
3940418
3940594
3940750
3940909
3941054
3941196
3941329
3941491
3941678
3941830
3942164
3942593
3942725
3942923
3943327
3943441
3943578
3943686
3943876
3944162
3944498
3944702
3945105
3945268
3945399
3945547
3945844
3946002
3946160
3946315
3946487
3946646
3946781
3946924
3947083
3947345
3947487
3947624
3947905
3948384
3948511
3948686
3948872
3949051
3949187
3949343
3949522
3949685
3949937
3950219
3950370
3950530
3950632
3950861
3951103
3951228
3951453
3951588
3952115
3952249
3952386
3952613
3952775
3952922
3953056
3953242
3953722
3953907
3954214
3954436
3954683
3954975
3955093
3955463
3955624
3955866
3956171
3956356
3956480
3956629
3956816
3957004
3957201
3957332
3957521
3957687
3957873
3958230
3958452
3958630
3960230
3961573
3963173
3964773
3966373
3967973
3968855
3969405
3970243
3971843
3973443
3975043
3976643
3978243
3979843
3981443
3983043
3984643
3986243
3987843
3989443
3991043
3992643
3994243
3995843
3997443
3999043
4000643
4001029
4002629
4004229
4005829
4006167
4006323
4006568
4006790
4007015
4007289
4008201
4008585
4008869
4009107
4009692
4009822
4009974
4010577
4011048
4012648
4014248
4015848
4017231
4018831
4020431
4022031
4023312
4023747
4024327
4025208
4025482
4025578
4025820
4027420
4029020
4029606
4029805
4030354
4030825
4031438
4031703
4032402
4032571
4033840
4034681
4034950
4035408
4035622
4035783
4036234
4036447
4036723
4036961
4037179
4037367
4037681
4037792
4037950
4038118
4038410
4038561
4038703
4038784
4038956
4039124
4039355
4039588
4039733
4040058
4040144
4040271
4040436
4040614
4040751
4040899
4041023
4041188
4041401
4041546
4041730
4041897
4042108
4042247
4042533
4042660
4042770
4042909
4043021
4043531
4043720
4043864
4044026
4044135
4044258
4044546
4044648
4044784
4044949
4045125
4045234
4045424
4045586
4045847
4046005
4046105
4046263
4046434
4046536
4046665
4046902
4047058
4047239
4047377
4047538
4047655
4047941
4048103
4048240
4048368
4048511
4048759
4048970
4049114
4049258
4049431
4049573
4049713
4049850
4050028
4050180
4050473
4050569
4050711
4050854
4051017
4051147
4051310
4051612
4051767
4051970
4052209
4052329
4052538
4052897
4053096
4053270
4053401
4053664
4053760
4053919
4054118
4054404
4054629
4054832
4054994
4055121
4055250
4055402
4056237
4056385
4057106
4057293
4057825
4058348
4058508
4058750
4059227
4059371
4059480
4059652
4059887
4060096
4060589
4060781
4060935
4061321
4061678
4062220
4062560
4062941
4063112
4063256
4063400
4063598
4063718
4064259
4064526
4064705
4064819
4065069
4065266
4065516
4065690
4065862
4066002
4066530
4066869
4067070
4067235
4067367
4067781
4068005
4068325
4068495
4068753
4069138
4069337
4069650
4070086
4070250
4070430
4070689
4070868
4071091
4071462
4071696
4071846
4072081
4072313
4072628
4073031
4073185
4073378
4073676
4073913
4074122
4074398
4074511
4074731
4074899
4075245
4075486
4075654
4075855
4076054
4076390
4076669
4076865
4077265
4077536
4077684
4077948
4078159
4078405
4079067
4079232
4079365
4079485
4079679
4079894
4080037
4080389
4080587
4080836
4081282
4081522
4081715
4081856
4082116
4082307
4082499
4082711
4082911
4083270
4083555
4083885
4084210
4084369
4084556
4084717
4084967
4085228
4085448
4085571
4085852
4085997
4086226
4086457
4086611
4086767
4086901
4087064
4087321
4087486
4087795
4087990
4088310
4088701
4088941
4089143
4089314
4089468
4089608
4089801
4090009
4090113
4090233
4090383
4090607
4090772
4090956
4091148
4091276
4091427
4091630
4091762
4091930
4092318
4092511
4092701
4092901
4093145
4093241
4093449
4093685
4093881
4094238
4094395
4094585
4094709
4094847
4095133
4095390
4095552
4095660
4095778
4095940
4096175
4096494
4096648
4096934
4097131
4097558
4097763
4097913
4098295
4098589
4098725
4098872
4099013
4099220
4099358
4099551
4099673
4099816
4100080
4100406
4100819
4100944
4101259
4101423
4101583
4101799
4101929
4102092
4102258
4102456
4102803
4103062
4103352
4103537
4103697
4103899
4104060
4104168
4104321
4104513
4104833
4105228
4105437
4105690
4105831
4105959
4106161
4106492
4106598
4106819
4107294
4107540
4107868
4108194
4108326
4108529
4108653
4109062
4109168
4109362
4109640
4109883
4110274
4110449
4110665
4110848
4111058
4111280
4111465
4111646
4111834
4112020
4112359
4112555
4112750
4112894
4113041
4113240
4113575
4113890
4114029
4114180
4114398
4114584
4114749
4114956
4115203
4115383
4115732
4115855
4116023
4116204
4116316
4116857
4117049
4117414
4117601
4117734
4117937
4118579
4118813
4119072
4119228
4119390
4119537
4119688
4119928
4120156
4120253
4120471
4120699
4120914
4121197
4121485
4121607
4121808
4122099
4122300
4122598
4122835
4123022
4123176
4123322
4123495
4123616
4123740
4123915
4124076
4124311
4124497
4124690
4124851
4125036
4125298
4125436
4125632
4125811
4125983
4126111
4126323
4126477
4126677
4127054
4127322
4127482
4127627
4127772
4127891
4128084
4128260
4128393
4128527
4128961
4129090
4129272
4129462
4129639
4129890
4130102
4130290
4130405
4130971
4131385
4131499
4131787
4131903
4132138
4132404
4132560
4132703
4132921
4133087
4133227
4133363
4133498
4133602
4133731
4133997
4134152
4134320
4134568
4134761
4134886
4135096
4135263
4135476
4135605
4135783
4135955
4136172
4136505
4136661
4136814
4136973
4137159
4137341
4137495
4137656
4138011
4138190
4138345
4138505
4138647
4138821
4138968
4139144
4139245
4139533
4139675
4139806
4140125
4140268
4140398
4140553
4140691
4140840
4141215
4141406
4141629
4141807
4141964
4142104
4142306
4142461
4142689
4142921
4143054
4143208
4143401
4143706
4143845
4143961
4144102
4144251
4144378
4144520
4144669
4144811
4145007
4145146
4145330
4145608
4145835
4145992
4146145
4146374
4146547
4146690
4146833
4147074
4147265
4147403
4147575
4147800
4147945
4148046
4148285
4148439
4148618
4148792
4148971
4149098
4149302
4149454
4149712
4149832
4149963
4150102
4150217
4150375
4150524
4150782
4151145
4151437
4151712
4151908
4152021
4152143
4152296
4152407
4152507
4152670
4152920
4153056
4153250
4153373
4153578
4153815
4153957
4154082
4154241
4154399
4154550
4154716
4154847
4154985
4155330
4155463
4155807
4156316
4156487
4156622
4156848
4156973
4157112
4157223
4157400
4157632
4157781
4157955
4158235
4158614
4159134
4159452
4159598
4159695
4159854
4159959
4160123
4160294
4160743
4160953
4161080
4161213
4161377
4161486
4161689
4161838
4162025
4162139
4162523
4162701
4162835
4163082
4163239
4163354
4163534
4163663
4163822
4163996
4164204
4164338
4164808
4164955
4165179
4165331
4165524
4165718
4166180
4166372
4166579
4166729
4166834
4167244
4167399
4167746
4167961
4168141
4168447
4168657
4168846
4169048
4169169
4169334
4169489
4169594
4169780
4169892
4170049
4170333
4170415
4170532
4170690
4170800
4170938
4171082
4171231
4171455
4171612
4171725
4171981
4172094
4172229
4172403
4172568
4172774
4172906
4173046
4173139
4173247
4173452
4173616
4173736
4174089
4174234
4174312
4174535
4174687
4174990
4175239
4175560
4175674
4175802
4176053
4176194
4176355
4176448
4176588
4176715
4176908
4177071
4177272
4177438
4177626
4177826
4177988
4178267
4178378
4178536
4178699
4178881
4178999
4179126
4179290
4179406
4179610
4179722
4179875
4180031
4180156
4180280
4180524
4180606
4180747
4180918
4181062
4181175
4181282
4181410
4181572
4181726
4181872
4182004
4182229
4182554
4182720
4183017
4183158
4183429
4183637
4183884
4184074
4184223
4184714
4184875
4185037
4185164
4185301
4185399
4185582
4185802
4185884
4185981
4186062
4186198
4186328
4186553
4186639
4186815
4187058
4187218
4187364
4187494
4187662
4187826
4188017
4188359
4188488
4188636
4188827
4189015
4189192
4189331
4189462
4189616
4189781
4189990
4190127
4190350
4190484
4190612
4190787
4190889
4191029
4191213
4191336
4191555
4191708
4191868
4191987
4192166
4192665
4192888
4192955
4193089
4193277
4193706
4193837
4193998
4194143
4194253
4194411
4194544
4194686
4194916
4195067
4195266
4195409
4195549
4195812
4195952
4196041
4196200
4196374
4196885
4197074
4197215
4197458
4197558
4197657
4197785
4197890
4197988
4198144
4198447
4198646
4198803
4199004
4199127
4199342
4199689
4199972
4200153
4200431
4200609
4200792
4200941
4201065
4201185
4201337
4201481
4201693
4201813
4201989
4202086
4202312
4202451
4202558
4202736
4203335
4203538
4203661
4203763
4203931
4204028
4204146
4204334
4204478
4204679
4204849
4204972
4205095
4205394
4205535
4205708
4205868
4206038
4206221
4206431
4206582
4206765
4207010
4207583
4207710
4207851
4207990
4208145
4208329
4208495
4208619
4208815
4208897
4209060
4209167
4209307
4209445
4209979
4210174
4210355
4210497
4210650
4210785
4210927
4211203
4211341
4211458
4211583
4211717
4211874
4212008
4212131
4212353
4212947
4213074
4213398
4213551
4213725
4213864
4214031
4214166
4214282
4214466
4214540
4214939
4215097
4215228
4215427
4215647
4215767
4215913
4216191
4216348
4216556
4216691
4216805
4216988
4217205
4217347
4217594
4217762
4218010
4218188
4218344
4218506
4218661
4218925
4219049
4219245
4219460
4219644
4219839
4219997
4220145
4220303
4220469
4220636
4220774
4220857
4221038
4221177
4221284
4221448
4221564
4221831
4221989
4222141
4222260
4222403
4222606
4222766
4222881
4223029
4223155
4223270
4223404
4223559
4223701
4223853
4224043
4224447
4224708
4224858
4225662
4225797
4226012
4226345
4226470
4226622
4226804
4226944
4227061
4227729
4227969
4228152
4228266
4228369
4228570
4228679
4228785
4228944
4229110
4229258
4229380
4229574
4229737
4229863
4230004
4230284
4230428
4230584
4230729
4230845
4231071
4231219
4231462
4231580
4231783
4231913
4232044
4232178
4232449
4232581
4232710
4233107
4233270
4233398
4233635
4233752
4233912
4234039
4234160
4234415
4234559
4234762
4234887
4235074
4235295
4235596
4235729
4235908
4236038
4236241
4236453
4236705
4236975
4237169
4237308
4237444
4237548
4237676
4237802
4237931
4238163
4238378
4238554
4238719
4238865
4238985
4239090
4239246
4239390
4239535
4239695
4239826
4240092
4240211
4240389
4240549
4240773
4240902
4241166
4241456
4241596
4241726
4241837
4242017
4242150
4242312
4242440
4242559
4242673
4242980
4243144
4243281
4243369
4243474
4243606
4243842
4243987
4244130
4244298
4244435
4244528
4244634
4244746
4245230
4245468
4245604
4245753
4245892
4246051
4246135
4246281
4246419
4246578
4246719
4246827
4246941
4247127
4247385
4247555
4247715
4247896
4248064
4248225
4248410
4248573
4248726
4248915
4249084
4249244
4249529
4250175
4250644
4250814
4251006
4251168
4251445
4251735
4251868
4252012
4252131
4252263
4252407
4252541
4252761
4252916
4253109
4253270
4253438
4253654
4253791
4253951
4254083
4254211
4254343
4254630
4254780
4254940
4255088
4255215
4255312
4255419
4255591
4255720
4255973
4256062
4256202
4256327
4256460
4256632
4256880
4257029
4257183
4257429
4257599
4257730
4258016
4258167
4258361
4258426
4258620
4258821
4258993
4259119
4259242
4259484
4259626
4259861
4259994
4260213
4260336
4260488
4260704
4260872
4260997
4261147
4261404
4261552
4261662
4261829
4262023
4262193
4262357
4262470
4262595
4263136
4263288
4263422
4263557
4263777
4263970
4264203
4264577
4264715
4265057
4265203
4265426
4265553
4265833
4265985
4266149
4266243
4266644
4266750
4266891
4267024
4267267
4267413
4267557
4267808
4267997
4268583
4268853
4269068
4269177
4269301
4269509
4269773
4269900
4270154
4270260
4270431
4270596
4270726
4270961
4271153
4271412
4271626
4271814
4272052
4272201
4272339
4272522
4272812
4273000
4273289
4273402
4273503
4273637
4273970
4274119
4274271
4274399
4274545
4274662
4274824
4275026
4275343
4275495
4275623
4275870
4276051
4276224
4276559
4276736
4276875
4277023
4277466
4277662
4277814
4277973
4278095
4278474
4278587
4279047
4279176
4279347
4279520
4279737
4279912
4280156
4280343
4280589
4280891
4281047
4281164
4281363
4281647
4281772
4281915
4282159
4282378
4282511
4282720
4282888
4283048
4283180
4283308
4283438
4283624
4283753
4284018
4284130
4284395
4284550
4284868
4285042
4285277
4285444
4285580
4285664
4285852
4286153
4286503
4286635
4286792
4286912
4287091
4287261
4287435
4287583
4287766
4287997
4288160
4288289
4288374
4288538
4288738
4288881
4289076
4289351
4289691
4289817
4289988
4290163
4290326
4290519
4290687
4290825
4291010
4291159
4291314
4291416
4291665
4291824
4291967
4292522
4292677
4292814
4292923
4293079
4293253
4293397
4293538
4293699
4294078
4294205
4294364
4294993
4295206
4295320
4295485
4295826
4296009
4296140
4296307
4296440
4296593
4296837
4297031
4297173
4297397
4297561
4297691
4297850
4298118
4298270
4298521
4298717
4298945
4299409
4299544
4299755
4300073
4300506
4300653
4300778
4300928
4301200
4301476
4301578
4301806
4301981
4302205
4302495
4302685
4302935
4303098
4303286
4303434
4303648
4303793
4303978
4304143
4304279
4304424
4304628
4304973
4305075
4305273
4305419
4305573
4305716
4305859
4306013
4306141
4306267
4306422
4306573
4306927
4307077
4307227
4307338
4307571
4307780
4308202
4308362
4308504
4308673
4309122
4309359
4309493
4309597
4309793
4309911
4310066
4310210
4310344
4310457
4310726
4310850
4311087
4311240
4311444
4311617
4311715
4311989
4312149
4312273
4312437
4312541
4312673
4312817
4312959
4313106
4313336
4313470
4313812
4313934
4314063
4314183
4314354
4314486
4314608
4314772
4314861
4315025
4315170
4315286
4315425
4315637
4315863
4315988
4316132
4316246
4316433
4316720
4316894
4317038
4317201
4317363
4317649
4317768
4317918
4318075
4318216
4318377
4318488
4318621
4318795
4318866
4319000
4319327
4319433
4319607
4319742
4319852
4319983
4320260
4320446
4320588
4320758
4321016
4321108
4321283
4321408
4321553
4321668
4321872
4322027
4322159
4322338
4322470
4322737
4322904
4323137
4323400
4323562
4323684
4323941
4324080
4324663
4324778
4324887
4325078
4325284
4325488
4325574
4325658
4325906
4326070
4326217
4326334
4326514
4326887
4327001
4327134
4327370
4327498
4327674
4327845
4327957
4328099
4328181
4328309
4328403
4328531
4328645
4328783
4328916
4329228
4329392
4329555
4329717
4329888
4330018
4330207
4330344
4330478
4331056
4331248
4331390
4331586
4331723
4331995
4332128
4332396
4332515
4332703
4332847
4333123
4333270
4333460
4333633
4333770
4333897
4334006
4334127
4334432
4334605
4334732
4334907
4335270
4335398
4335568
4335891
4336075
4336228
4336479
4336613
4336799
4336922
4337122
4337253
4337395
4337563
4337727
4337889
4338029
4338250
4338471
4338577
4338696
4338855
4339110
4339269
4339423
4339603
4339744
4339958
4340111
4340268
4340614
4340718
4340976
4341230
4341355
4341524
4341613
4341772
4341897
4342027
4342194
4342304
4342683
4342809
4342922
4343061
4343169
4343304
4343421
4343558
4343944
4344113
4344241
4344402
4344524
4344670
4344777
4344935
4345082
4345228
4345333
4345536
4345767
4346035
4346154
4346394
4346537
4346673
4346795
4346959
4347112
4347349
4347529
4347710
4347817
4348025
4348164
4348298
4348432
4348651
4348758
4348993
4349327
4349466
4349567
4349682
4349873
4350013
4350118
4350211
4350426
4350800
4350974
4351109
4351232
4351356
4351490
4351602
4351764
4351926
4352037
4352184
4352434
4352537
4352700
4352862
4352990
4353131
4353244
4353415
4353578
4353706
4353807
4354203
4354425
4354522
4354588
4354729
4354872
4355028
4355119
4355238
4355436
4355739
4355880
4355987
4356137
4356263
4356402
4356540
4356708
4357148
4357304
4357443
4357609
4357877
4358039
4358264
4358396
4358559
4358733
4358964
4359090
4359255
4359435
4359589
4359816
4359882
4359986
4360102
4360216
4360600
4360744
4360868
4361018
4361100
4361245
4361344
4361500
4361684
4361788
4361913
4362027
4362116
4362237
4362426
4362658
4362818
4362877
4362950
4363068
4363137
4363201
4363347
4363410
4363589
4363673
4363811
4363902
4364018
4364124
4364304
4364471
4364630
4364787
4364937
4365093
4365237
4365318
4365432
4365664
4365786
4365906
4366035
4366243
4366383
4366580
4366641
4366772
4366873
4367002
4367126
4367256
4367391
4367481
4367708
4367876
4368051
4368269
4368391
4368474
4368582
4368703
4369007
4369113
4369264
4369632
4369842
4369946
4370095
4370230
4370343
4370512
4370629
4370752
4370885
4370974
4371242
4371357
4371511
4371608
4371744
4371890
4372020
4372200
4372301
4372453
4372657
4372830
4372924
4373059
4373472
4373585
4373720
4373895
4374160
4374333
4374497
4374641
4374754
4374887
4375066
4375185
4375392
4375481
4375937
4376114
4376234
4376345
4376478
4376598
4376963
4377177
4377276
4377544
4377694
4377904
4378114
4378246
4378336
4378493
4378649
4378806
4378989
4379177
4379323
4379389
4379539
4379603
4379735
4379936
4380093
4380208
4380309
4380410
4380504
4380636
4380771
4380890
4380984
4381054
4381191
4381345
4381528
4381611
4381733
4382031
4382160
4382518
4382659
4382976
4383335
4383499
4383629
4383787
4383949
4384058
4384220
4384313
4384442
4384566
4384762
4384880
4384994
4385168
4385286
4385481
4385640
4385812
4385965
4386074
4386235
4386375
4386473
4386597
4386746
4386972
4387264
4387420
4387534
4387658
4388134
4388240
4388334
4388478
4388957
4389056
4389200
4389377
4389618
4389821
4389984
4390085
4390218
4390385
4390530
4390653
4390773
4390946
4391104
4391227
4391342
4391483
4391631
4391764
4391840
4391983
4392093
4392186
4392420
4392765
4392892
4393014
4393119
4393254
4393330
4393434
4393566
4393706
4393859
4394042
4394153
4394368
4394509
4394634
4394804
4394938
4395056
4395152
4395312
4395427
4395540
4395640
4395780
4395851
4396050
4396263
4396374
4396486
4396592
4396736
4396900
4397495
4397823
4397954
4398173
4398273
4398455
4398585
4398723
4398847
4398966
4399301
4399483
4399559
4399663
4399813
4400013
4400192
4400311
4400532
4400654
4400763
4400856
4400985
4401084
4401247
4401312
4401430
4401570
4401809
4402092
4402437
4402717
4402898
4403056
4403163
4403264
4403554
4403654
4403786
4403924
4404100
4404287
4404485
4404850
4404973
4405309
4405503
4405637
4405774
4405902
4406149
4406356
4406490
4406634
4406804
4406959
4407119
4407555
4407867
4408002
4408150
4408273
4408492
4408678
4408758
4408931
4409105
4409195
4409478
4409577
4409738
4409834
4410070
4410200
4410447
4410595
4410770
4410968
4411124
4411273
4411431
4411561
4411708
4411882
4412069
4412155
4412251
4412408
4412546
4412815
4413079
4413190
4413426
4413625
4413785
4413956
4414141
4414271
4414422
4414600
4414806
4414978
4415116
4415252
4415382
4415483
4415588
4416039
4416162
4416281
4416390
4416525
4416640
4416914
4417164
4417288
4417352
4417458
4417572
4417701
4417822
4418000
4418096
4418264
4418367
4418482
4418633
4418699
4418825
4418984
4419087
4419218
4419294
4419430
4419544
4419660
4419772
4419970
4420181
4420274
4420444
4420558
4420713
4420988
4421297
4421420
4421553
4421754
4421915
4422214
4422342
4422443
4422610
4422727
4422910
4423068
4423210
4423335
4423438
4423532
4423624
4423760
4423906
4424034
4424171
4424295
4424434
4424651
4424783
4424991
4425292
4425421
4425565
4425788
4426089
4426203
4426344
4426600
4426752
4426938
4427043
4427266
4427427
4427569
4427656
4427779
4428083
4428198
4428350
4428490
4428652
4428805
4428879
4428988
4429135
4429280
4429408
4429550
4429676
4429765
4429995
4430144
4430281
4430437
4430563
4430653
4430830
4431034
4431179
4431267
4431401
4431518
4431687
4431830
4431964
4432332
4432411
4432627
4432810
4432935
4433111
4433291
4433406
4433625
4433768
4433850
4433945
4434035
4434179
4434431
4434626
4434756
4434858
4434966
4435160
4435308
4435388
4435766
4435886
4436031
4436301
4436486
4436610
4436982
4437193
4437408
4437473
4437838
4437936
4438060
4438173
4438281
4438390
4438453
4438600
4438768
4438951
4439147
4439587
4439733
4439869
4439979
4440069
4440247
4440421
4440642
4440764
4440930
4440975
4441091
4441390
4441468
4441554
4441847
4441966
4442158
4442366
4442483
4442569
4442662
4442832
4442951
4443041
4443183
4443300
4443427
4443548
4443677
4443833
4443959
4444196
4444383
4444523
4444652
4444837
4445008
4445118
4445318
4445381
4445532
4445674
4445813
4445888
4445992
4446072
4446222
4446446
4446570
4446704
4446851
4446985
4447268
4447369
4447493
4447591
4447737
4447856
4448027
4448178
4448338
4448476
4448612
4448794
4448998
4449464
4449558
4449705
4449838
4449956
4450016
4450149
4450252
4450404
4450480
4450549
4450802
4450922
4451216
4451283
4451436
4451563
4451767
4451972
4452184
4452329
4452426
4452508
4452581
4452685
4453048
4453239
4453331
4453485
4453613
4453762
4453884
4454007
4454124
4454223
4454360
4454434
4454513
4454638
4454781
4454933
4455044
4455236
4455337
4455680
4455790
4455886
4456061
4456159
4456468
4456611
4456705
4456833
4457221
4457397
4457640
4457759
4457893
4457995
4458458
4458631
4458787
4459002
4459121
4459262
4459343
4459509
4459619
4459977
4460131
4460261
4460398
4460519
4460671
4460785
4460870
4461005
4461227
4461346
4461541
4461668
4461847
4461936
4462088
4462254
4462424
4462734
4462866
4463023
4463195
4463364
4463472
4463818
4464173
4464289
4464689
4464804
4464886
4465104
4465217
4465493
4465632
4465775
4465859
4465973
4466104
4466239
4466297
4466752
4466891
4467070
4467162
4467292
4467365
4467464
4467581
4467719
4467900
4468018
4468095
4468307
4468422
4468698
4468856
4468992
4469057
4469205
4469291
4469594
4469719
4469850
4470174
4470338
4470451
4470590
4470832
4470978
4471124
4471383
4471493
4471778
4471939
4472116
4472222
4472364
4472484
4472604
4472704
4472784
4472872
4472976
4473040
4473159
4473281
4473417
4473555
4473807
4473932
4474351
4474466
4474767
4475016
4475216
4475427
4475556
4475667
4475801
4475912
4476009
4476135
4476241
4476359
4476547
4476704
4476801
4476875
4477024
4477134
4477264
4477387
4477475
4477654
4477838
4477925
4478053
4478181
4478260
4478404
4478505
4478624
4478747
4478907
4479048
4479174
4479288
4479389
4479527
4479610
4479868
4480047
4480184
4480316
4480425
4480548
4480636
4480752
4480901
4481032
4481110
4481218
4481586
4481697
4481997
4482105
4482298
4482423
4482534
4482615
4482699
4482851
4482993
4483118
4483261
4483417
4483531
4483627
4483710
4483833
4484085
4484201
4484326
4484475
4484583
4484688
4484762
4484900
4485166
4485305
4485421
4485559
4485689
4485804
4485973
4486138
4486267
4486326
4486397
4486537
4486740
4486913
4487058
4487208
4487304
4487422
4487528
4487806
4488008
4488234
4488347
4488469
4488551
4488685
4488790
4488919
4489087
4489219
4489319
4489533
4489688
4489799
4490187
4490324
4490486
4490597
4490750
4490951
4491088
4491184
4491343
4491482
4491614
4491700
4491832
4491909
4492102
4492360
4492581
4492681
4492823
4492981
4493146
4493290
4493433
4493602
4493703
4493801
4493936
4494071
4494222
4494428
4494614
4494734
4494881
4494972
4495138
4495308
4495569
4495659
4495785
4495898
4496029
4496252
4496410
4496486
4496587
4496683
4496807
4496968
4497131
4497256
4497406
4497574
4497732
4497872
4497985
4498339
4498662
4498804
4498958
4499098
4499236
4499334
4499486
4499603
4499743
4499903
4500015
4500227
4500316
4500411
4500498
4500615
4500744
4500870
4501055
4501205
4501336
4501644
4501726
4501821
4501920
4502039
4502217
4502365
4502601
4502706
4502839
4502960
4503101
4503184
4503350
4503447
4503566
4503700
4503829
4503976
4504096
4504221
4504432
4504714
4504849
4504921
4505044
4505185
4505318
4505452
4505574
4505692
4505830
4505967
4506090
4506234
4506359
4506523
4506697
4506817
4506947
4507205
4507326
4507455
4507571
4507731
4507891
4508020
4508260
4508355
4508489
4508605
4508690
4508826
4508981
4509124
4509257
4509345
4509477
4509577
4509712
4510195
4510355
4510523
4510658
4510983
4511111
4511294
4511469
4511634
4511721
4511868
4512063
4512224
4512374
4512523
4512655
4512727
4512858
4513063
4513159
4513329
4513413
4513755
4513885
4514138
4514424
4514570
4515000
4515362
4515488
4515617
4515786
4515926
4516069
4516153
4516284
4516473
4516617
4516759
4516894
4517008
4517198
4517395
4517473
4517580
4517721
4517867
4517997
4518087
4518190
4518331
4518474
4518675
4518785
4518900
4519021
4519121
4519255
4519402
4519532
4519656
4519861
4520022
4520152
4520343
4520474
4520595
4520981
4521187
4521343
4521485
4521560
4521714
4521817
4521952
4522045
4522278
4522418
4522523
4522634
4522751
4522883
4523000
4523107
4523226
4523325
4523448
4523573
4523667
4523797
4524074
4524184
4524283
4524417
4524747
4524867
4525046
4525417
4525479
4525569
4525691
4525772
4525897
4526015
4526168
4526270
4526422
4526514
4526671
4526747
4526888
4527044
4527211
4527330
4527447
4527579
4527822
4527960
4528053
4528231
4528364
4528446
4528574
4528744
4528829
4528944
4529298
4529447
4529574
4529916
4530092
4530170
4530297
4530399
4530546
4530708
4530899
4531025
4531145
4531453
4531600
4531778
4531922
4532117
4532235
4532379
4532476
4532732
4533005
4533121
4533240
4533429
4533535
4533677
4533951
4534248
4534374
4534472
4534591
4534756
4534875
4535398
4535742
4535892
4536072
4536182
4536303
4536456
4536616
4536749
4536890
4537040
4537136
4537493
4537610
4537745
4537908
4538089
4538307
4538456
4538617
4538823
4538973
4539148
4539539
4539671
4539801
4539959
4540229
4540309
4540457
4540577
4540703
4540860
4540966
4541080
4541254
4541398
4541520
4541642
4541772
4541842
4541979
4542083
4542243
4542335
4542464
4542548
4542704
4542877
4543281
4543391
4543525
4543649
4543832
4543971
4544139
4544217
4544271
4544404
4544525
4544712
4544954
4545203
4545326
4545435
4545557
4545682
4545824
4545954
4546032
4546373
4546515
4546724
4546902
4547068
4547175
4547401
4547532
4547593
4547712
4547824
4547947
4548085
4548210
4548347
4548508
4548700
4548823
4548925
4549018
4549150
4549223
4549561
4549689
4549862
4550015
4550130
4550336
4550425
4550555
4550722
4550875
4550958
4551111
4551201
4551345
4551505
4551678
4551814
4552049
4552178
4552274
4552392
4552458
4552587
4552749
4552926
4553093
4553184
4553262
4553418
4553728
4554025
4554206
4554329
4554447
4554562
4554728
4554903
4555148
4555289
4555374
4555496
4555655
4555839
4555960
4556109
4556224
4556403
4556632
4556757
4556912
4557021
4557126
4557208
4557333
4557424
4557542
4557652
4557757
4558057
4558138
4558263
4558513
4558602
4558834
4558936
4559118
4559266
4559394
4559556
4559677
4559828
4559928
4560105
4560514
4560680
4560795
4560939
4561137
4561263
4561341
4561448
4561552
4561706
4561876
4562116
4562246
4562404
4562503
4562612
4562770
4562885
4563000
4563064
4563338
4563588
4563718
4563818
4563974
4564068
4564393
4564503
4564615
4564769
4564828
4564902
4565020
4565301
4565414
4565681
4565804
4565920
4566022
4566178
4566285
4566407
4566475
4566726
4566881
4567057
4567145
4567301
4567378
4567487
4567692
4567817
4567947
4568031
4568215
4568366
4568504
4568763
4568953
4569181
4569252
4569453
4569590
4569709
4569892
4570099
4570257
4570415
4570525
4570644
4570752
4571108
4571264
4571400
4571490
4571606
4571698
4571772
4571894
4572015
4572253
4572364
4572522
4572629
4572738
4572890
4573054
4573211
4573349
4573478
4573544
4573666
4573797
4573917
4574014
4574090
4574212
4574366
4574487
4574583
4574698
4574820
4574940
4575104
4575191
4575328
4575470
4575567
4575660
4575776
4575877
4576016
4576137
4576277
4576431
4576540
4576604
4576735
4576796
4576929
4577020
4577165
4577257
4577368
4577675
4577791
4577919
4578142
4578395
4578564
4578675
4578804
4578933
4579024
4579165
4579285
4579393
4579520
4579673
4579758
4579851
4580041
4580124
4580269
4580346
4580459
4580622
4580767
4580899
4581169
4581265
4581426
4581642
4581773
4581917
4582031
4582134
4582257
4582405
4582503
4582612
4582723
4582875
4583034
4583190
4583400
4583512
4583649
4583795
4584072
4584192
4584342
4584454
4584539
4584665
4584800
4584944
4585086
4585254
4585380
4585481
4585713
4585781
4585853
4585968
4586171
4586321
4586451
4586586
4586729
4586865
4586977
4587114
4587361
4587483
4587623
4587766
4587894
4587996
4588138
4588273
4588474
4588565
4588701
4588896
4589029
4589259
4589409
4589552
4589724
4589861
4590226
4590315
4590582
4590721
4590835
4591204
4591354
4591609
4591733
4591924
4592011
4592139
4592484
4592677
4592879
4592954
4593178
4593435
4593548
4593636
4593776
4593905
4593992
4594067
4594212
4594453
4594597
4594833
4594996
4595126
4595301
4595405
4595972
4596255
4596418
4596506
4596678
4596770
4596896
4596981
4597063
4597294
4597407
4597584
4597687
4597790
4597889
4598003
4598122
4598401
4598500
4598588
4598988
4599094
4599216
4599353
4599465
4599539
4599678
4599790
4599902
4600162
4600313
4600426
4600673
4600812
4600927
4601016
4601144
4601310
4601469
4601593
4601679
4601818
4601976
4602171
4602269
4602392
4602494
4602552
4602662
4602864
4603007
4603127
4603308
4603493
4603630
4603792
4603935
4604104
4604198
4604316
4604382
4604676
4604910
4605034
4605253
4605379
4605532
4605644
4605762
4605888
4606048
4606146
4606282
4606391
4606477
4606715
4606887
4607037
4607135
4607234
4607323
4607445
4607634
4607753
4607912
4608027
4608194
4608309
4608546
4608641
4608711
4608849
4608997
4609174
4609263
4609462
4609891
4610061
4610183
4610318
4610483
4610718
4610785
4610978
4611140
4611262
4611425
4611623
4611726
4611853
4612097
4612239
4612382
4612457
4612749
4612876
4612989
4613307
4613382
4613465
4613592
4613851
4614053
4614321
4614376
4614529
4614628
4614758
4614858
4614989
4615118
4615305
4615493
4615665
4615858
4615970
4616110
4616184
4616326
4616475
4616628
4616803
4616909
4617004
4617113
4617244
4617379
4617578
4617655
4617744
4617893
4617975
4618091
4618214
4618500
4618658
4618860
4618944
4619088
4619235
4619360
4619487
4619606
4619704
4619813
4619933
4620159
4620225
4620326
4620454
4620585
4620743
4620866
4620976
4621037
4621157
4621345
4621418
4621528
4621657
4621747
4621895
4621989
4622109
4622226
4622525
4622624
4622764
4622882
4623026
4623249
4623614
4623705
4623791
4624015
4624157
4624320
4624441
4624585
4624912
4625070
4625235
4625322
4625479
4625641
4625768
4625861
4626007
4626066
4626175
4626266
4626471
4626596
4626768
4626878
4627025
4627106
4627235
4627358
4627446
4627579
4627640
4628060
4628153
4628216
4628307
4628449
4628588
4628698
4628788
4628997
4629079
4629220
4629376
4629478
4629600
4630092
4630356
4630475
4630605
4630741
4630902
4631397
4631516
4631645
4631744
4631905
4631997
4632068
4632210
4632337
4632502
4632703
4633042
4633133
4633211
4633364
4633465
4633596
4633764
4633874
4633932
4634032
4634399
4634565
4634669
4634795
4634928
4635077
4635165
4635317
4635427
4635616
4635685
4635819
4635992
4636419
4636539
4636642
4636819
4636966
4637104
4637228
4637364
4637557
4637709
4638026
4638159
4638369
4638511
4638590
4638740
4638910
4638989
4639349
4639492
4639728
4639865
4640027
4640197
4640493
4640580
4640684
4640800
4640856
4640983
4641110
4641227
4641359
4641501
4641571
4641651
4641717
4641821
4641906
4641974
4642139
4642240
4642383
4642532
4642595
4642744
4642808
4642925
4642992
4643109
4643223
4643342
4643431
4643548
4643704
4643837
4643959
4644020
4644191
4644363
4644506
4644634
4644740
4645031
4645102
4645240
4645386
4645472
4645635
4645783
4645909
4646037
4646191
4646316
4646474
4646614
4646694
4646834
4646940
4647102
4647238
4647368
4647513
4647631
4647729
4647779
4647877
4648031
4648146
4648346
4648486
4648609
4648769
4648972
4649070
4649185
4649272
4649407
4649540
4649649
4649746
4649847
4649965
4650091
4650214
4650376
4650543
4650643
4650770
4650889
4650972
4651064
4651382
4651513
4651822
4651980
4652063
4652182
4652319
4652449
4652616
4652741
4652863
4652945
4653133
4653291
4653414
4653554
4653673
4653749
4653871
4653968
4654086
4654198
4654350
4654473
4654573
4654659
4654762
4654914
4655121
4655274
4655376
4655780
4655889
4655990
4656156
4656365
4656489
4656569
4656953
4657070
4657191
4657300
4657513
4657666
4657797
4657895
4657979
4658096
4658195
4658330
4658459
4658526
4658633
4658723
4658923
4659013
4659149
4659290
4659370
4659521
4659637
4659731
4659815
4660039
4660113
4660218
4660308
4660419
4660553
4660685
4660803
4660932
4661066
4661185
4661263
4661370
4661549
4661618
4661741
4661868
4661973
4662086
4662202
4662365
4662516
4662641
4662844
4662992
4663118
4663256
4663451
4663597
4663694
4663816
4663937
4664057
4664134
4664243
4664659
4664756
4664884
4665020
4665124
4665263
4665369
4665546
4665729
4665854
4665997
4666128
4666506
4666702
4666759
4666893
4667199
4667307
4667444
4667672
4667820
4667897
4668006
4668174
4668315
4668507
4668652
4668713
4668846
4668958
4669272
4669335
4669463
4669735
4669809
4669949
4670148
4670312
4670437
4670549
4670641
4670937
4671070
4671179
4671300
4671389
4671520
4671686
4671797
4671912
4672162
4672313
4672428
4672551
4672650
4672719
4672798
4672888
4673036
4673384
4673494
4673587
4673707
4673804
4673943
4674080
4674188
4674587
4674736
4674861
4674980
4675060
4675173
4675298
4675410
4675506
4675613
4675728
4675918
4676109
4676318
4676936
4677276
4677425
4677567
4677706
4677832
4677978
4678183
4678299
4678387
4678546
4678639
4678819
4679034
4679175
4679357
4679439
4679597
4680284
4680453
4680627
4680732
4680849
4680977
4681173
4681342
4681665
4681774
4681894
4682423
4682580
4682646
4682787
4682912
4683015
4683115
4683242
4683381
4683524
4683711
4683847
4683985
4684157
4684270
4684429
4684575
4684713
4685047
4685306
4685428
4685530
4685632
4685776
4685931
4686039
4686171
4686293
4686434
4686547
4686741
4686903
4687050
4687157
4687288
4687367
4687526
4687607
4688238
4688334
4688504
4688783
4688957
4689137
4689394
4689566
4689699
4689904
4691401
4691503
4691739
4692079
4692345
4692495
4692666
4692810
4693018
4693227
4693534
4693752
4694148
4694309
4694967
4695115
4695387
4695535
4695847
4696122
4696450
4697689
4699289
4699425
4699756
4699929
4700342
4700516
4702048
4702185
4702305
4702433
4702877
4704019
4704157
4705757
4707357
4708645
4708833
4709063
4709172
4709316
4709463
4711063
4711380
4711484
4711640
4711731
4712263
4712399
4713327
4713461
4713615
4713749
4713967
4714288
4714370
4714520
4715222
4715378
4715747
4715878
4716239
4716346
4716534
4716878
4717038
4717240
4717462
4717587
4717707
4717965
4718070
4718230
4718377
4718612
4718747
4719122
4719278
4719441
4719610
4719923
4720049
4720201
4720354
4720552
4720757
4720889
4721045
4721325
4721539
4721666
4721774
4721895
4721986
4722101
4722266
4722424
4722684
4722788
4722923
4723138
4723309
4723448
4723631
4723724
4723872
4724022
4724134
4724252
4724357
4724516
4724593
4724817
4724910
4725036
4725169
4725289
4725457
4725524
4725620
4725745
4725927
4726074
4726204
4726318
4726425
4726630
4726782
4726914
4727073
4727195
4727456
4727547
4727709
4727876
4728058
4728230
4728601
4728722
4728878
4729091
4729257
4729440
4729627
4729767
4729915
4730141
4730287
4730403
4730556
4730807
4730936
4731067
4731163
4731307
4731436
4731644
4732015
4732133
4732303
4732434
4732548
4732759
4732948
4733161
4733293
4733397
4733527
4733750
4733923
4734072
4734185
4734337
4734426
4734600
4734684
4734817
4735038
4735176
4735391
4735561
4735700
4735842
4735922
4736084
4736232
4736338
4736514
4736671
4736860
4736965
4737105
4737206
4737356
4737932
4738059
4738212
4738339
4738393
4738531
4738639
4738821
4738975
4739117
4739266
4739345
4739501
4739657
4739795
4739916
4740088
4740168
4740353
4740465
4740609
4740769
4740904
4741078
4741210
4741347
4741483
4741559
4741671
4741814
4741972
4742184
4742371
4742525
4742644
4742740
4742885
4743003
4743080
4743189
4743307
4743500
4743626
4743800
4743893
4744004
4744091
4744241
4744319
4744431
4744517
4744584
4744689
4744821
4744941
4745047
4745187
4745310
4745434
4745606
4745737
4745850
4745981
4746126
4746298
4746429
4746572
4746713
4746832
4746960
4747094
4747283
4747393
4747539
4747714
4747810
4747947
4748051
4748150
4748268
4748425
4748584
4748748
4748887
4748988
4749108
4749288
4749370
4749488
4749656
4749786
4749956
4750253
4750400
4750520
4750692
4750864
4751313
4751463
4751588
4751719
4751871
4752148
4752325
4752526
4752724
4752989
4753121
4753228
4753371
4753500
4753712
4753819
4753959
4754246
4754372
4754487
4754600
4754736
4754951
4755055
4755152
4755379
4755522
4755663
4755843
4755946
4756099
4756247
4756350
4756484
4756695
4756833
4756955
4757107
4757196
4757341
4757425
4757502
4757629
4757793
4757904
4758059
4758259
4758377
4758508
4758678
4758850
4758969
4759065
4759224
4759358
4759501
4759620
4759746
4759920
4760130
4760256
4760383
4760562
4760688
4760842
4761049
4761397
4761550
4761658
4761854
4762048
4762180
4762594
4762751
4762873
4763021
4763126
4763360
4763486
4763586
4763831
4763933
4764095
4764207
4764290
4764387
4764481
4764866
4765006
4765201
4765335
4765490
4765772
4765967
4766120
4766235
4766356
4766534
4766700
4766982
4767113
4767264
4767408
4767514
4767664
4767937
4768227
4768368
4768503
4768597
4768983
4769131
4769376
4769478
4769633
4769757
4769974
4770142
4770251
4770418
4770579
4770684
4770789
4770945
4771029
4771133
4771233
4771372
4771484
4771629
4771778
4771978
4772100
4772204
4772287
4772426
4772533
4772661
4772815
4772941
4773091
4773195
4773322
4773465
4773558
4773719
4773898
4774011
4774137
4774264
4774392
4774494
4774604
4774772
4774947
4775115
4775232
4775356
4775475
4775565
4775711
4775825
4775954
4776095
4776207
4776289
4776479
4776614
4776716
4776904
4777038
4777145
4777280
4777399
4777517
4777630
4777777
4777914
4778093
4778237
4778423
4778552
4778685
4778816
4779044
4779166
4779309
4779493
4779614
4779774
4779903
4780028
4780177
4780416
4780555
4780680
4780812
4781029
4781168
4781296
4781437
4781572
4781661
4781786
4781907
4782247
4782441
4782608
4782782
4782920
4783035
4783116
4783229
4783444
4783577
4783676
4783818
4783951
4784088
4784303
4784430
4784573
4784703
4784841
4784964
4785069
4785163
4785311
4785475
4785592
4785752
4785892
4786007
4786152
4786330
4786428
4786632
4786762
4786987
4787124
4787282
4787596
4787721
4787844
4787970
4788066
4788214
4788414
4788544
4788668
4788793
4788881
4789020
4789228
4789366
4789555
4789717
4790263
4790447
4790551
4790748
4790856
4790981
4791111
4791272
4791397
4791954
4792040
4792148
4792284
4792455
4792688
4792811
4792948
4793054
4793153
4793268
4793420
4793555
4793685
4793820
4793953
4794036
4794126
4794279
4794417
4794549
4794710
4794830
4794947
4795055
4795151
4795427
4795556
4795684
4795812
4795962
4796064
4796206
4796350
4796480
4796568
4796720
4796878
4797053
4797230
4797356
4797465
4797592
4797733
4797856
4797972
4798090
4798202
4798333
4798437
4798566
4798650
4798848
4798949
4799138
4799262
4799389
4799635
4799767
4799890
4800112
4800260
4800383
4800598
4800812
4800985
4801118
4801225
4801387
4801501
4801800
4801941
4802089
4802227
4802385
4802482
4802580
4802810
4802927
4803064
4803208
4803359
4803487
4803625
4803779
4803976
4804121
4804334
4804453
4804549
4804676
4804785
4804906
4805033
4805165
4805494
4805587
4805711
4805829
4805958
4806063
4806443
4806613
4806739
4806850
4806938
4807073
4807196
4807321
4807450
4807608
4807718
4807841
4807989
4808253
4808542
4808681
4808840
4809070
4809183
4809300
4809412
4809550
4809682
4809802
4809906
4810044
4810175
4810314
4810419
4810553
4810690
4810820
4810923
4811130
4811309
4811432
4811570
4811733
4811816
4811965
4812102
4812213
4812357
4812463
4812641
4812771
4812917
4813064
4813196
4813350
4813500
4813622
4813745
4813875
4814007
4814147
4814307
4814418
4814605
4814772
4814929
4815040
4815169
4815305
4815404
4815548
4815721
4815842
4815993
4816132
4816294
4816418
4816539
4816680
4816801
4816972
4817095
4817232
4817345
4817503
4817642
4817809
4817951
4818077
4818218
4818296
4818427
4818552
4818665
4819004
4819120
4819250
4819501
4819651
4819789
4819943
4820089
4820247
4820454
4820599
4820729
4820841
4820971
4821128
4821244
4821386
4821542
4821697
4821838
4821963
4822084
4822261
4822387
4822638
4822732
4823003
4823107
4823224
4823361
4823470
4823591
4823740
4823854