-219.11710218850413
-40.89674117742138
30.23564224007229
-37.29625209926619
-279.1381932961962
-121.63746790582279
122.80060566097505
-24.097342877163864
132.20827616019236
15.113027899579174
104.930797194882
105.32794899677373
269.0072834200294
657.4582629377607
654.7234863201651
981.9764264312491
602.7885481546601
956.5425857670615
990.4988652091666
838.0686130200359
1030.4991893221752
1335.2264877016125
1258.2369761227044
1417.9542404153792
1474.7375783749048
1581.6465790000514
1689.7769384746716
1663.166989246178
1673.187137093899
1658.4041484030404
1639.5254421641578
1592.6694993288384
1724.1955551225903
1518.7323682087097
1627.8361946033929
1780.302160020302
1639.3330523170555
1722.4119619777766
1657.539919245426
1684.0877008643038
1707.3967903307298
1742.6846367525438
1731.4880121588274
1659.380221321388
1854.8259583859049
1911.3730763208073
1794.3397127395326
1660.0120211273043
1696.3962173898494
1844.2108595056538
1693.04623611962
1671.8768897461566
1612.0303540937052
1599.0669443542258
1654.6169048759857
1715.7886986034034
1801.135349044906
1658.5960406498468
1721.7996880402743
1762.4800935316441
1812.9634133968686
1855.5371414524654
1872.1204676531067
1725.6204294648596
1741.0110835118558
1649.8501201921254
1714.1418462328884
1690.901786390911
1859.1097798884573
1792.9901601604254
1776.9556242767305
1765.3575617769266
1941.6098805063234
1758.5779023081677
1771.6071993741627
1770.1941295008035
1809.3015353259098
1835.5252518222358
1791.9818867130798
1839.446152657345
1749.1609795941117
1681.221103760901
1721.1991546142344
1902.4589331590003
1687.8301776325275
1684.8684440510326
1903.9889929987341
1744.5659934042617
1677.8047277977628
1877.9539627947927
1781.5510223311883
1782.002766589838
1696.1943249890542
1725.1567680994226
1681.0886831488588
1784.7034009430708
1698.207870946905
1838.9464032844942
1654.0092203351448
1793.9074863049145
1775.9514594962056
1785.7761337127579
1777.5558590586816
1745.638413968999
1637.818265710065
1733.8357131017472
1657.9928166385523
1647.3299107129035
1760.4583597114213
1795.4278823692164
1765.7519068318286
1698.1162734839984
1781.0137727742406
1861.5145443822382
1673.552468222218
1655.7779786370606
1826.6646040440703
1613.7488768538283
1751.5595079569027
1746.9881372502145
1629.7079418885203
1828.3637318853966
1795.4953704465745
1756.7195112105394
1759.482920392466
1784.3834864000721
1786.1411704879122
1749.905072419441
1725.8525307159853
1798.0456053971022
1755.7604199387604
1884.0246735822213
1925.7075366597287
1943.5201822095198
1838.3698087906962
1747.6602348509475
1882.4280551483796
1880.6253598214994
1856.839150495279
1918.265649213829
1984.014651462854
1970.9134146531735
2012.449795044371
1792.17474391973
1886.6303427726307
2009.329422759633
1699.5270842056523
1768.6983403791937
1769.3422052994176
2086.579253242161
2062.294612348867
2078.7919739037306
2197.8025114688203
2073.683777932832
1832.5086960719343
2040.6005627248182
1864.9233505748355
2087.556203081841
2111.914985158774
1931.3725218153097
2127.4973122456768
1996.1596741664614
2043.281673237304
2025.335736490485
2060.9841191349037
2087.6756404286693
1989.357286710354
1973.7385312493586
2040.5594573626681
2216.9280967726254
2074.8800174743774
2383.2860137414264
2218.840343830154
2102.9750253028246
2193.5232593684445
2221.4255601566347
2265.5271226649606
2105.0893787810546
2319.97118995585
2291.0884140087865
2053.4283268288973
2228.3602427029136
2271.536818758598
2268.215757751282
2188.126232012049
2273.7327449727277
2320.614715044124
2487.760542422687
2297.06781661665
2289.824355895199
2366.34960056862
2346.188050111836
2369.318097039318
2339.9555992031633
2272.0599010642486
2226.985107932082
2276.8847361316843
2168.2996061560725
2207.692179727307
2270.8482655160183
2255.6255779534968
2313.549752374697
2263.992785132981
2136.344000904375
2269.3984754345447
2230.0698782989484
2318.7133452664507
2219.1633947570026
2367.9594183652675
2320.0346351288576
2473.8779789112828
2445.3611221296933
2330.4481361228495
2403.4403246570555
2353.905550521511
2421.036949704405
2240.5068811806486
2188.980047740098
2467.3042826913857
2344.7024222920854
2346.2435797548624
2326.052726405092
2430.438114655187
2380.5078501893695
2485.7831090422105
2396.921239804671
2279.9809279358205
2514.7174882957916
2433.3533880875043
2417.117819683263
2372.798182290696
2393.1341101634825
2488.015593076824
2416.367955199009
2214.3771399161014
2418.953225052445
2347.178634438671
2431.6126698362696
2179.8446575976877
2521.196582149616
2496.6961219814348
2484.494399468417
2440.573216012031
2464.4651253948996
2401.318784846975
2524.5460211137515
2344.3379921207925
2375.144300401086
2407.4828363403576
2450.810077390921
2652.861918629795
2408.0148027640535
2449.8735898126774
2486.2302618549606
2514.07007897655
2565.967108622336
2490.749570420709
2422.5687514556776
2450.5201342776895
2509.849509240945
2408.4494106006664
2436.4975223819097
2658.5835018056296
2405.2781188417694
2455.9944977162627
2490.3898704441276
2489.8521736486596
2366.6261205490596
2675.151719525715
2464.079487721384
2538.0762621722215
2412.7180191506977
2412.9469899873325
2598.8172517376865
2387.264879844639
2516.4422243572053
2428.318062393868
2518.6089512391213
2510.4450146683275
2517.2840092586207
2485.0824842980096
2629.3627898935574
2514.7139288793906
2604.285780138714
2523.6209951276264
2455.873143769255
2471.8963642329772
2518.888083338547
2486.8066727682512
2542.391346881121
2598.1753047477296
2479.7430535480908
2581.933598480065
2460.7495899977625
2545.4777541106023
2535.0337978010484
2573.0016262070017
2525.8485784145682
2539.3381237326603
2517.925972010837
2684.340829466454
2498.7135772221723
2466.0056410177167
2453.830446089941
2483.434695971861
2500.773196669269
2593.354893657087
2594.870514777489
2450.912950736233
2489.236886079109
2424.7291550515924
2584.081944885205
2571.1189922337007
2519.0057128167814
2696.495330954078
2571.663513043364
2566.184635880337
2652.215489800522
-591.0127230548604
2581.394667747841
2689.5015911520095
2549.046051073173
2461.0831213818155
2641.5342690228704
2596.382372529971
2508.0342927077436
2613.435374591562
2652.502864520403
2585.2718144160062
2579.034463403455
2578.880039275495
2706.139277406611
2491.906343611786
2656.6601039890884
2611.1098961514767
2559.1983221605997
2703.4945505584215
2545.6166300151567
2583.2038586071963
2491.050957960095
2622.93228294305
2458.8545813663272
2574.244141825495
2646.791236312348
2524.131062488857
2675.9398911604767
2672.9059464974293
2596.1148805889793
1489.09300900232
2542.4288005523667
2563.266807498317
2550.2625382676047
2500.033910731945
2614.8744698548007
2606.3245245413614
2613.2819432795663
2536.582345976871
2579.9713805591487
2614.5820064679347
2542.927555313758
2588.4592028557618
2563.9886937255637
2745.78891954721
2775.7687064648303
2688.459798216443
2760.2273293741796
2594.4205675938865
2649.7523493284543
2644.639839806296
2621.8055762337785
2699.943310875122
2686.436727606759
2561.923189742234
2611.879155235014
2636.5821575758005
2633.1697519012714
2565.8302577294976
2684.0562338034256
2619.162701102388
772.6608369093678
2614.4411735761287
2730.2110796304323
2765.4178333484933
2684.943225325982
2666.693871965364
2508.766432117878
2559.7412641475576
2641.110249486357
2539.685537146278
2717.3320588889455
2718.3506278322684
2695.9762692088375
2805.789385715246
2648.5481556062537
2757.6986147677208
2666.5847195624124
2717.385097327544
2777.4795356652508
2674.476223063826
2643.485625318259
2527.4373206520077
2698.50470447391
2769.523271088025
2735.365284295725
2688.5142552747375
2896.543948207836
2790.320268250012
2674.7159960990894
2865.0213318011115
2609.362167992734
2638.2712113791927
2423.682761122912
2546.9093232215396
2653.6694134490813
2728.0698365347916
2722.6501813069253
2716.842778856992
2689.3611946481255
2561.0676552374634
2669.935908886625
2736.1658700729668
2721.986219038734
2627.0517319491437
2740.3413083242967
2736.7045007706715
2551.5227835650117
2766.27916032338
2651.2483210713126
2690.183864296842
2659.5371343833526
2598.4594916013143
2553.245135871467
2690.900033666969
2685.623301832915
2758.098613091578
2756.040612579789
2771.946554658864
2856.946146221373
2712.4380497515076
2787.692001881648
2730.4333945171475
2584.910422671585
2682.205081319388
2753.8035565533232
2782.030073834239
2780.970640864919
2559.3330250278373
2715.2199672685683
2643.625875945706
2619.965672341669
2621.273094403852
2733.778162837919
2628.681539921029
2666.9878694502913
2611.7470230742883
2735.676245993128
2806.0149391628
2790.415295887851
2604.104616182985
2631.7515540105314
2741.48659187197
2771.641537019031
2727.493599550937
2711.743358594373
2719.633628435126
2818.8119025341525
2652.4314142987478
2698.695496824221
2693.3774096210063
2859.8282395630295
2772.9167685014863
1593.545183408799
2701.72063104128
2692.112911918963
2751.4098741847674
2598.6954024003358
2685.5318638093786
2813.7973841032945
2694.1052337756564
2704.5422262182965
2751.5589608680034
2766.9279325116036
2819.1633865722833
2700.6522095496452
2846.198351184792
2790.3709160824924
2700.0768359420667
2833.056077035691
2771.3159329451205
2904.4094798903307
2816.627002743822
2637.4506874786393
2753.333109077287
2655.564735188602
2742.4614167978757
2640.077452545754
2658.2147584807235
2655.935246387635
2771.496157610533
2561.933850583894
2718.9874821448684
2771.425348776931
2683.7898151477903
2772.851936493813
2806.117351451577
2784.983420654768
2649.103792704799
2651.695896319778
2735.686002125799
2700.950961126165
2710.466889001162
2738.0349380934645
2666.944167088593
2701.8227658494056
2754.128101250136
2763.6103237346656
2827.9776694904613
2789.977748885192
2829.73246452591
2848.731780817858
2716.2385131587134
2655.670190239181
2604.945786207452
63.15961324187454
2804.641868148532
2775.274261088005
2813.2597994629177
2827.3625334430267
2744.2387863405916
2609.5593321448905
2832.880295781149
2736.3604266166935
2866.6384540597446
2867.63554039129
2778.6580887365226
2857.4075012752933
2636.677722158232
2822.5047242630035
2736.454575394281
2708.3361778363483
2795.5099968527484
2634.4746893920433
2793.605999261458
2818.994257316896
2776.103353498246
2692.3238491942393
2876.0187008816442
2804.7554343733273
2856.2844589576125
2686.60344007796
2785.606827156172
2813.546005287828
2846.757137107362
2853.1453019544992
2712.781567625886
2785.3302368419045
2937.316967227531
2816.3775645143014
2800.8911783048825
2835.0319009490645
2823.526118427157
2619.3990177863566
2768.618962906359
2578.867531544153
2687.221400566286
2661.5706948659545
2690.9090918249312
2748.855635155779
2814.699996688098
2698.6750238826767
2736.857618219694
2613.791695984754
2714.3437222866023
2761.918474601893
2740.417224134131
2653.922490709063
2722.2658298867063
2757.2628615771764
2699.7500363876566
2789.130065948634
2787.185473094451
2820.1676662921686
2819.7576685507083
2798.5193530719916
2739.6397558655935
2659.121099781041
2732.7654953060087
2828.2830511917305
2800.281012514152
2852.26600053288
2841.583400664164
2768.1493787771096
2841.859273177214
2798.0786806032347
2712.512090067577
2739.1965517428443
2786.240262678108
2726.607861728578
2725.3669534118217
2781.827775647926
2757.4073120871967
2783.870019157812
2776.0209109863144
2813.6344620414216
2800.5094399454188
2634.1430330206317
2929.8887867321887
2785.1491012051615
2737.039982909535
2786.5183698820574
2885.286700837119
2807.7335145617008
2857.8421382144634
2727.9628527169693
2715.1712104990906
2866.5557804493287
2738.203587640562
2829.116576921747
2791.942961855329
2720.7291232448583
2766.18655558695
2774.2043650666315
2898.951633030656
2816.989559833174
2822.665038037807
2686.709890862526
2787.90354004719
2831.968477937433
2789.379293423548
2712.3036199149287
2879.1896888696397
2799.1201146467124
2922.061154742356
2837.996664053963
2758.850808439166
2619.317947408485
2790.037784923209
2913.0536414524013
2916.507921868409
2963.0441499033723
2820.7513291626838
2662.6950007846995
2783.7122423757537
2861.6284448659308
2861.4398541884757
2803.697417989908
2808.575927908112
2678.8618686333602
2867.162371003377
2899.3730602327933
2827.8864342339843
2833.6917497655927
2872.1445878562718
2810.440817027136
2807.6248052357364
2734.2930780161732
2714.98088935362
2818.6044699235913
2785.422271723262
2759.856105803813
2754.554606604177
2805.720302226281
2790.2437884654028
3009.971170239481
2780.616962803617
2862.4750642266254
2751.3593412315213
2725.721752961454
2775.2245357780794
2948.120455263841
2822.5803011909975
2844.4017573970377
2792.4499737280053
2798.4921730527617
2784.0063861042418
2877.046986866287
2835.5337124685357
2821.1069049789917
2770.7933827454676
2884.5408923192012
2833.635915293583
2758.5682361126655
2652.7250808627828
1601.7856306428046
1850.4053798949305
2787.8229383644143
2720.7817595068054
2773.457651013234
2760.3794788143805
2927.633769796568
2980.577041011999
2767.2383983317736
2849.1257892631693
2818.100971617123
2846.1820273127832
2891.203540654718
2837.4614428615996
2902.8255442608634
2794.154197110246
2798.2421885793337
2678.437209172425
2824.9264791747255
2876.9453960074443
2841.0743241876803
2849.4821155658587
2873.5208889890314
2921.1610354637314
2882.134127228104
2887.5126404339044
2773.753797308034
2760.273947592998
2734.9331348028672
2897.9306801055764
2909.9604023955235
2862.8413436431224
2946.469913438964
2875.062964344681
2885.475817872656
2783.410733304305
2714.8530212555183
2797.2983153381947
2869.410815533202
2984.9722242364833
2876.568389146633
2789.332143313585
2767.780651573133
2909.0998266560537
2863.3487370593734
2939.430543583433
2759.3789521711483
2921.173044506888
2700.8683709765205
2834.572100483121
2750.347324884211
2756.683175448777
2883.4612600740293
2711.658150978852
2834.9316106012293
2962.099921557994
2908.680485326079
2866.0986524154646
2809.1288162616506
2781.1832742195515
2765.6291872137267
2860.842316289816
2927.2770833561726
3028.6080049193656
2829.2198834010987
2839.894442660366
2876.549627750319
2744.5824930530516
2795.2356060372244
2826.279004820518
2877.077711398022
2846.110002635448
2797.4322427354086
2725.171366287792
2829.117437120463
2868.7374088339175
2884.4416599465753
2918.314214674167
2738.4532745312144
2891.4189435618564
2860.8012866643085
2916.3524593903626
2973.8424910742942
2859.09790515339
2957.6449913129873
2896.8760819483173
2903.972484653406
2846.9371046041156
2892.715764351134
2744.7624988641983
2862.8750033681818
2730.7524180923087
2841.8605754870987
2994.5688554421668
2865.7143433877154
2848.8740842546354
2865.639239099464
2882.4739000288955
2935.3732693134903
2867.2711521784886
2767.2498991793364
2854.251445147469
2799.5005990474115
2871.30170807618
2861.7270365532218
2958.8583611009153
2864.955487116376
2966.0074124656267
2875.201071048118
2820.1407505603042
2912.979722601467
2879.366229147875
2903.780076878668
2930.855764130985
2705.983183264199
2947.4491391661377
2916.306208092936
2979.9855360764286
2919.2695719348185
2862.1309972076556
2875.0276370540164
2952.041136988571
2867.3415048054962
2965.810236446364
2954.1454501996327
2879.190623066859
2920.1277097165316
2807.51492287398
2870.3988929659945
2889.3247548538893
2967.0455727460217
2976.9413683289677
2861.4324652403848
2931.41764273734
2784.9489611955264
2895.6350879267397
2895.320026186588
2920.828076927031
2849.542878481573
2940.635849985636
2941.4954667885536
3064.1891799537602
2961.8678671755447
2935.3702803476704
2835.93645330386
2942.85525950536
2918.085334841709
2917.8770175368436
2847.5435451318776
2973.1070165327865
2987.7441161964416
2955.582841004209
2934.1067194241655
2929.759497442018
2948.301171542882
2870.509491817388
2853.137090285431
2975.5505646583797
2944.9658973815813
2991.247869464688
2900.384649617561
2787.55761852625
2922.025606274793
2997.876045092571
2980.85626561638
2831.2271014819244
2911.4755270426153
2926.3852734966913
2952.040805165639
2870.3162155451464
2911.8157328787347
2885.275062015804
2961.371775296653
2861.0543508007036
2946.4574184029366
2819.4156870870243
2882.1913462410885
2849.8592690570895
2864.9743541587554
2756.4182025396394
2851.8830372868674
2880.228135417403
2982.406044308909
2876.885024206737
2825.3162623717308
2827.0806566070614
2792.5380618343474
2778.3728322570087
2941.6558637343724
2908.9115417566895
2938.9487242078226
2914.1452600363295
2818.9676441464258
2948.0619058934853
2958.609672665317
2807.5447800586817
2765.4656348625954
2875.7766236429516
2854.1290817825457
2871.1501423674563
2962.6704461067916
2887.886097632462
2837.644365790501
2855.285513211534
2840.9098270969694
2852.8391398938697
2978.8640043944483
2870.6437574825495
2872.4864604986274
2931.8133248246027
2888.281329792891
2954.887168685922
2990.893512710806
2822.3566472436064
2918.3681626620637
2932.7168017691656
2900.8134639721457
2737.1567337237116
2937.3543253658954
3005.739823392349
2966.613659096642
2846.6182871254186
2839.495028329904
2844.743702824102
2945.628545081053
2961.622054849907
2721.182033729674
2870.4975488441355
2915.9293985229006
2947.7648561980805
2898.872583991741
2912.195808621117
2944.6771448518343
2945.915195607525
2865.6185596582345
2824.347015155177
2903.605628978429
2898.842295587141
2859.9405656127255
2923.696132017712
2982.2333907889174
2950.454970839834
2835.967559201143
2910.8093854228937
2892.202798107019
2920.15062886861
2942.6707385100485
2907.7462480275635
2879.8202197710107
2812.460733632185
2952.8924862922286
2956.41032319628
2867.8225841124113
2820.0427946110362
2714.4813725017166
2913.9736388277365
2990.66251164362
2899.711269910283
2932.94664612652
2897.7705749013166
2865.462905427271
2936.2538003760897
2937.5185882872397
2900.520237830298
2943.811900620329
2919.4809019897743
2911.0940402920924
2861.5146779759903
2961.173418361324
2886.6744779418987
3005.9185001500596
2739.633138589567
2955.5078452379744
2902.927972275664
2923.178569774778
2803.924322781626
2973.6975616673
2937.6690257997416
3021.300649400656
2845.8258787360624
2987.80561992223
3014.247622007988
2941.6934662161148
2991.234120152856
2965.677455578022
3061.1364618332454
2943.58817471056
2990.6695822054694
2953.4913338687784
2871.0951633226205
2993.754287535431
2888.30467992339
3043.146935067146
2868.281276080502
2872.5681568752616
2919.9520064821727
2966.577249855277
2879.0066258968905
2937.878910355986
3001.1929583950696
2945.9598516896513
3026.3631451898136
2972.5892176211446
2892.7994267697673
2966.1331747514696
2910.809845648336
3080.2666688822833
3005.890564504777
2984.0318742658724
3053.4293644571744
2808.980036429395
2939.2252945665073
2950.9290543740285
2794.4245802660507
2906.352982835793
3003.3339057068224
2911.5772280245596
2936.8492635966136
2879.5448080536044
2974.641518538411
2942.7159197899537
2962.8488506875947
2937.5005952285815
2924.646858833077
3008.443779271319
2919.2725530587772
2882.6645115715196
2926.4571960810686
2927.874552921317
2936.896104456061
2853.0710766256298
2894.34930390241
3009.501493920044
2957.1343461337797
2963.1677238415036
2962.1755614065128
2904.207569879792
3023.704918313618
2949.7473611058076
2855.569318197411
2903.4078057635734
3019.9666745330424
2884.434136422037
3011.789354656195
2943.8602701422037
2862.4075479238522
2945.717527982587
2966.245083849715
2972.1286577490932
2851.257566396051
2865.8644942833816
2892.992461762301
2859.872336927032
2835.6811749562935
2893.8227312551135
2897.765523372021
3011.1973414817876
2878.1092161930565
2915.3360527909404
2940.594583536158
2969.248869608636
2901.875107401571
2913.9076271966483
3018.9739907818434
3005.6646144239944
2875.922279967959
3046.5311779841322
2942.5963032829263
2889.5110421691925
2918.2730325800835
2949.0044834296755
2869.15046441535
2976.370665347145
2986.850242676192
2980.265885341942
2862.8677557686
2981.333465233699
2903.8447735679483
2955.8891330021133
2967.7216818263837
2967.8650611102066
2925.7572968914756
2862.998295478046
2901.737970890877
2980.521001026732
2940.414600639443
2936.5510178749837
2958.0333944750637
3062.496473932233
2881.970304186001
2962.7152619962176
3021.7209438891086
3003.4197341369386
2998.0913840930834
2984.0773796592935
2956.4767457362827
3001.34190436854
2982.0431495057733
2896.9692130093936
2837.2305544935207
2881.403217174568
2951.44717372716
3014.8738355233145
2932.244745361457
2949.9593319732508
2935.29276725553
2889.476337999801
3115.6245391830575
2975.680943092404
2838.3803263052127
3055.238685556248
2958.033369368326
2937.5010506541607
2943.8605446424126
2977.848753513219
3027.6463311228104
2954.0324995017604
2965.1096355447494
2946.2823004274237
2985.2758789908203
2942.2299970296804
2950.2522737568074
2837.580041634858
2888.656127107411
2845.213565051889
2881.6347518793427
2816.9447620748338
2944.665667000299
2887.870742337782
2998.9451594549946
2830.654124172224
2997.7143523428176
3021.058483214472
2845.6384234246825
2880.7210571605488
3034.999748165177
2958.925418402383
3005.5771332780487
2939.4246661921384
2982.8306350803414
2958.6511543908614
2929.8473369294998
2955.9183427648977
2791.752496277812
2903.754550503118
2931.952173419062
3028.185731834018
3048.5150165766927
2995.8935332641195
3027.8783393180775
2981.375710965448
2885.2596792298395
2910.5428231857663
3052.3864076886243
3041.124457338273
2922.647802399767
3040.235627842403
2997.5254159834167
3002.21629062532
2875.6872756772173
3025.6077146005678
2975.064790141567
2969.2046415299815
3070.457568138699
3027.9760200454707
3098.9793207310017
2957.544659146541
2973.241038135024
3046.2368640777404
3022.325095619697
3013.3046997514602
3058.0406251849895
3016.92927377207
3051.717489921032
2910.472576360421
2986.4241561247195
2994.034150639749
2915.7134977399483
3076.885441293399
3014.2194956142707
2879.907221890546
3020.8933137961026
2875.9909898378824
2934.8870083299007
2998.606750791936
2879.113160208107
2944.637446045097
2965.107668889272
2962.308420197808
2944.217321375483
2948.967084218501
3003.4870550986525
3006.000380672054
2980.1368785280843
2989.572215374909
3069.071242315789
3056.321116869773
2964.9527277476373
2960.239206117517
2962.732176552337
2818.777067321652
3014.670082286075
3002.507009525347
2973.652966217013
2992.2220593459156
2975.6407542570205
3007.3509051744536
3010.2461220581094
2995.9322017516847
3043.058309406329
2983.283635057121
2921.7079201034535
2978.365829822144
2937.312611084531
3005.632822825385
2929.3109322435453
2955.595416741506
2946.680965479006
3049.2861563866018
3038.526156395781
3051.587191762988
2227.9656761182773
3024.785738083162
2990.4670497945276
2989.5768315188634
2943.2496031237124
3071.1147907841605
2911.891573270926
2986.3849397431304
2988.465691809194
2928.107258536523
2965.0008612182924
2989.8184329077326
2907.3150001385466
2908.5023605304186
2976.2109862285124
2955.2412357764133
3041.1025419640523
2854.7720598344476
3007.929215087363
2950.5342564255016
2981.416818231875
3032.080867608849
2971.2586038328463
3015.749487432718
2958.703399336443
2999.586314602851
3078.6669770177855
3093.1350511180103
2978.2420220289887
2989.04318329892
3064.2428387679383
2953.0036095148894
2982.036154789529
2965.6748433464795
2940.735840790524
3035.8680563765206
2953.366829686874
2968.595992997236
2917.0382219933717
2893.8337946815805
3065.656129228838
2905.5475067192515
3160.9300377902323
2943.926969027348
3096.462427056144
2954.3348965279133
3084.171123487696
3017.781577889864
2864.7071136466097
2970.080341458308
3084.0186162299647
2973.150475555428
3045.6433693432414
3036.3847300482666
3108.2062461288515
2956.7628102717495
3035.4207942398343
2953.388655214747
3079.322926631021
2979.0791421749877
2982.370054741145
3035.7387621076273
3065.39421459273
2990.2043273587033
2980.549693599195
2940.009555359465
2992.88511857007
3015.687383112102
3021.411851830909
2899.5912317669895
2962.2926149887444
2940.8952720328075
2995.8528154891123
3004.9251104951663
3033.2495708389133
3040.286662182573
2994.0575791647475
3010.6411157112916
3074.15058220406
3049.155656224904
3048.285361084526
2881.6498582757094
2983.895786053611
2947.7144105590264
3043.7182838311633
2944.8938418660127
2976.1939868248833
2954.2888409969996
3042.301411668142
3039.1047254124887
3070.9556181471935
3069.9936461925977
2998.1586231499327
2919.9679780485817
3058.395125701243
3074.495927462972
2959.7828577754153
2997.3280156542146
3022.8232907370584
2887.994742316177
3148.011718898534
3016.4975317884623
2955.031383982042
3017.672667081544
2938.983599143797
2942.1200427205
2946.0914904604483
3020.481190866105
3058.9821782656823
3046.7504284031343
3029.779713829941
3079.5109857241714
3079.412000626307
3043.9527043370854
2959.990283364503
3029.618900743945
2944.3248265027764
2905.5403008333737
3059.5624068813386
3108.6273880162835
2945.6740672257274
2922.9698697045296
3022.292272764328
3132.3570579265584
2991.5809178096933
3045.9069685667077
3001.8031330259105
2853.415093603952
3038.783879161855
2994.6199534759326
3008.604095119698
2937.5407792904216
2998.212217519635
2928.4805878282177
2971.019985669847
2899.115970327616
3028.94388170552
2944.732406669891
2972.374143193459
2954.41223299022
2978.509766476225
3003.7980131521554
2974.130342323641
2960.7469482253746
3058.7869711445614
2992.5969382279764
2999.2467841954754
3036.3566340589446
3083.728260108928
3115.1190454940133
2900.4417345892707
3037.9376414673243
3039.336380996154
3038.024362662719
3082.4689275488663
3047.820042445904
3128.8087131356306
3095.603913202923
3046.436040259528
3056.198762118594
3064.61697872057
3039.1728364810983
3014.610791501054
3076.50301851356
3084.098991993938
2928.771423148818
3008.1387827084695
2999.452330210983
3063.363848908377
2958.592251232146
3198.522418507111
3011.0852330592147
2991.996056411239
2798.8769947808037
3026.8214732003435
3030.108492833346
2990.50850379316
3006.650190697984
2957.176961724952
3004.453911209741
3091.4297083826314
2944.037804191223
3018.899881428118
2947.5908576757824
3057.5470354142617
3128.3288328698263
3015.9823012031766
3052.2538430838117
3042.871492904768
3017.6204771938196
2995.022388339203
3056.104878909705
3089.9218863507535
3006.285665220336
3016.8244137709185
3012.572781669645
3055.2057469853403
3036.615059050036
3100.875220174763
3091.5016540879146
3096.938044796121
3035.6339174665677
3025.0736710875653
3130.381671667885
3096.6838885946986
3020.0944739606493
3015.6474330844467
3051.4046341843086
2930.597649433559
2828.97081900978
3040.1527859901285
3097.91922752487
3054.2624122824764
3166.0409114874615
3078.500665335245
2968.8051885186746
3102.031974202978
3034.131675238924
3115.793336189375
2995.3564446865007
3113.4925670141192
2976.1459164668677
3017.8260474293356
3107.3947286322928
3066.88998603796
3071.6653210742784
2998.7420486129404
3048.3713570813916
3134.2688318815626
3002.9666874404306
3004.391304988141
2912.005156573499
2966.41114641511
2984.526674009697
2958.349481889719
2894.8382880056565
3057.3617695356884
2974.544298146436
2963.687099250145
3029.694881968478
3090.385644542636
3040.8768090452086
3070.906486489594
3048.698492292887
3118.563003784984
3032.768214407414
2973.219406674386
3053.557181854711
2923.3842501611703
2941.998450867156
2983.040895833164
2974.951476029463
2961.5209398794864
3055.1169669207666
3002.027238844417
3080.532281276562
3085.962016250838
3102.7146733438994
3031.260606276297
3012.084978578921
3023.8577203001823
2888.691409439417
2937.8100771352943
3003.6707424709275
2994.4344885615837
3045.5456352530937
3126.1088555439433
3044.8170458005015
2994.452026332423
3047.3639064115564
3063.5260744893767
2965.619957768922
3019.358979799234
3023.553097109738
2984.401730286525
2992.6534190789994
3010.3212283828657
3107.783250484281
2944.7839766477864
2920.1474386855125
3036.2191152786495
3114.486857424521
3016.160918482209
2989.9304756079937
3028.593757364803
3116.9842165735413
3085.6562841033574
3044.7549208108207
3025.3500915351583
3018.694032926054
2933.782299053756
3095.673216800134
3147.516150399062
3003.188089531703
3107.2194515122155
3049.7524940570383
3058.873992617033
3020.3076810371736
3034.801976380304
3117.980391552966
3060.7742482630665
2899.7955021769176
3083.876692342208
3022.8602015650113
3027.858373557603
2958.684301829059
2893.9489520276643
2959.355541253886
3010.0598392858165
2993.5050636899978
3018.266658339836
3053.4482800109454
3030.086699421141
2986.517141662255
3069.57526840297
3081.051790590736
2927.446904176232
2920.394463555287
3114.6947642425803
3002.1920586443694
3100.6734968882406
3097.484514856866
2958.937537388882
3021.4660591207926
3082.3835243645
3076.4806084817337
3024.8748883057415
3020.6210688809247
3108.5115205824363
2915.730770160839
3028.4856563175667
3038.3854206878414
3068.189824573714
3009.3748513355167
3134.6964743765093
3090.6950906542756
3166.5103861622483
3083.6646266781954
3067.906279268114
3036.829415599559
3136.0921881061495
2937.7060633593346
3056.5828939316557
3025.2419805882723
2951.788400169624
3014.3402859857188
2942.053151465173
2989.3066159301043
3072.5095853942526
3021.2338945252905
3015.506916217856
2840.865918888384
2981.6959001607825
3107.8591969327813
3040.8579506673186
2990.049259267864
3032.053254724441
3026.8206596864643
3039.2557897363163
2981.8846773503856
2930.4185331489266
3149.449567233939
3065.5283552219803
2940.510780664189
2916.309012618822
2909.5357719327617
2979.2944146415334
2964.939189675182
3082.8342696825684
2953.131614059363
3021.199593726258
3089.722291114862
3022.897305321611
2957.178260373704
2876.864080897503
3100.6269921357466
3008.1435957808053
3066.297512530884
3057.7817797428183
2893.643869264695
2946.1083393083186
3021.504227307179
2948.473222273204
2957.7105010912596
3033.085600501623
3126.217086226354
3104.279575563574
3061.9014064772077
3055.6124051237643
3105.040725420617
2982.7578421161666
3162.0607955887913
3021.6459033409974
3052.5344398144084
3046.363456376699
3027.601415717108
2944.6342820246273
2973.5012284934805
3038.383785950533
3044.2123423327002
3010.2413376632744
3104.0232125398556
2916.383336962694
2960.834657992764
3031.303385291969
2991.8606119711662
2881.7895475128216
3036.441871909689
3029.5550988683367
3021.0271544697184
3004.600985038676
3075.1403133094527
3043.9047024493234
3014.129057786835
2993.303985883066
3222.117371186659
2953.7182665068062
3064.0995948636105
3028.7385187255554
3036.977748972279
3007.5089367227283
3116.9527199229533
3086.3180916535234
3001.1815923806894
3094.8937137528296
3036.804472789673
3109.8283118382683
2975.017949656174
3080.30076018533
3046.9609501654313
2972.6624106261393
3004.527177798109
2941.1306534639234
2899.362433229858
2972.255006513726
3034.5791207251486
3078.4393601054617
2966.6444573038575
3028.1489498097935
3008.479671639897
3062.8512665297026
3073.080006743659
3025.182371867463
3075.0524797813005
3052.828866738387
3080.365061164875
2980.3352448534815
2977.1208160980805
3068.1425191444455
3105.0528581352187
3103.0986289321836
3003.957738600478
2977.1587629742457
3041.105542221653
3039.3697538731217
3016.015809432524
2958.001647974968
3160.394571867721
2926.405130605033
3033.709547019298
3022.952778285424
3046.263940930093
2976.023916377394
3039.5941339225437
3103.473425450125
2964.1334346837616
3161.724384734724
3058.5979952652497
2981.360725536719
3154.792204841798
3138.3394062367506
3011.31484725912
3028.1728225726656
2937.956988415403
3047.656590087778
2978.3410751172096
3088.389689993955
2986.6997244390377
3062.672754701228
3044.318543901183
3049.1182708540523
2992.450222552351
3068.588956919462
3077.1133616669313
3164.993325028322
3005.741948318944
3153.0386860408444
2936.195141915591
3139.5191276799865
3149.7484343322535
3104.9855909112234
2951.8885526348704
3010.091745013594
3074.6790136768223
3116.697517969451
3008.1342474832554
2983.6570565687143
3055.644118080033
2984.41181406885
3074.31558584067
3046.3416827734163
2964.229871562142
3045.738889684947
2964.721344376378
2973.689223947061
2958.2378277973635
2981.7361542199314
2960.681814484544
2964.067011986463
2970.113782922793
3038.373997824197
3132.933412653595
3076.445899155029
2982.934191762107
2908.9032601556123
3013.0533170851745
2926.9723668793054
3017.19439189943
2812.6291610069034
3081.5682714882937
2988.633257407773
3089.0766507763065
3048.9601786526387
3147.087339998012
3098.2491385190933
2940.3023985174423
2965.4123739707725
2947.288943992267
2980.4954476531475
3160.735349791266
3048.9209894546607
3083.5691815880878
3023.1815400581486
3043.2875906574927
3073.1866971855634
2971.347294750993
3100.014935729222
3091.828531207069
2994.4615879696366
3013.1239375448363
3033.3476134766734
3025.637382943524
3103.675550308085
3152.165836698451
3145.761467585729
3043.579275812389
3037.137965836767
3015.6148559660464
2960.2578781346574
3047.5828278297754
3002.0453403180263
3117.467741237627
2994.8605240200973
3052.9613459241323
3039.852398452182
2960.373390660413
3024.5606484648993
2992.097839252922
2991.1591059993
3107.8931842502243
3023.3159308248437
3093.6864104973556
3122.2192376955663
2966.589855570738
3063.364068963487
2936.2469694472657
3016.11376933298
3047.0007931908735
3039.9406632094756
3027.4118892765177
3052.6512272053938
3043.452415301617
3103.3829165984657
3028.1563063268036
3094.500529290026
3100.795647695036
2991.8882235328238
3184.0724923621756
3021.332934030663
3152.623939129016
3120.30312260295
2989.0106466223197
3146.4370485140516
3115.404212221379
3139.4940639909746
3063.4298426224213
3088.351413239374
3072.837149480236
2983.5532740275767
2987.9260784277294
3076.504785112938
3066.6407192614815
3077.5653132796015
3102.0338704222736
3026.716090775655
3134.802713982958
3081.6793962228558
3193.640455884807
2971.550922927378
3093.8948007148947
3064.589200831682
3095.6074782336036
3106.997379212848
3111.987127673758
3079.8329732370084
3039.910833639443
3003.2614600813854
3057.9060382289185
3044.9979839268312
3045.7848978733846
3063.039500175144
3036.493758594536
3025.6806201464246
3096.2345330012445
2987.604254476477
3077.6951696916535
3035.9137565726
3011.0598315625216
3154.6246478587323
3091.01979165873
3153.0721046305293
3090.036649912574
2666.533203699854
2948.926053146512
2804.0747953638843
2821.47809318965
2826.045095734265
3039.4741624484745
2876.3819917569376
2886.986344948048
2737.0785268483583
2775.0744413973666
2861.7782180503405
2850.3153710072947
2708.09296507587
3011.13257698492
3001.6817027149305
2960.136441870847
3029.5187006340125
2943.1001695513387
2690.954492197333
2714.9873452071565
2982.9336434764286
3062.3757894805217
3003.928334224452
3107.8946538181885
3017.190926881271
3018.2796568233425
3024.674612047903
3022.4738311150486
3117.9000374354587
2983.5292184767077
3045.449468219294
3143.121728585819
2945.1623503959513
2964.896643995536
3039.3900530215055
3078.8379548298603
3058.26166333539
2961.242817301127
3130.2850344966173
3067.768353542116
3129.3846537919244
3025.429445073058
3131.2649274230753
3049.764515583504
3148.037394033151
3043.5039354611886
3110.945764070113
3046.8009661461733
3102.9323120010677
3068.803285671095
3129.083105740624
3165.1155175807944
3121.3693028525126
3085.338570719073
3046.868731849338
3109.2746837114323
2999.1001774769356
3003.431471538812
3152.3602130173895
3031.0122670129313
3013.583766497361
3151.459000337741
3022.8082049322065
3149.5167439785546
3214.319079914031
3111.6072754540696
3051.282461006884
2950.2042432556173
3101.9242009662607
3100.1656254848
3065.996092595065
3086.829435997266
3069.503040415722
2930.450584919294
3090.6857658749227
3126.874781856975
3070.376941082704
3145.112396106564
3088.929904552247
3092.0675012344477
3079.8660370424523
3032.9706805259625
3134.71685597066
2997.71608010595
2947.804711995952
3033.326389933493
3022.308106196651
3080.177797989386
2988.750420305531
3029.6693472178167
3048.2235194667364
2951.691312310847
3024.6612041475573
3095.514139676213
3082.445945306608
3125.8466129364006
3055.298359107982
3069.0719586411974
3051.312952130992
2926.4021337733125
3146.099134361839
3089.5358071544397
3074.277775378973
3039.6934688215924
3145.2642072572776
3040.46973134377
2996.0878107555354
3145.1748263542686
3112.2985545816973
3151.180622065428
3017.2007693770424
3056.729743430477
3135.5779803238906
3196.275603611544
2946.647414848665
3056.8708530055255
3026.886866666147
3039.313170043579
3072.971685121833
3147.5739349534
3111.5302049454267
3221.8520463110463
3085.654059137518
2987.156089263349
3098.369215118799
3110.494716258415
2978.9299086105625
3039.544731546955
3094.185341002655
3035.9186184787695
3118.682507054492
3103.1733044676816
2976.6447522294775
3020.338078202508
3062.980135005873
2983.403616950161
3055.4739325073456
3097.336357789228
3033.693360190971
3105.5898471155415
3053.69873910869
3119.1249997548075
3032.263004184081
3038.968167728597
3137.0488682787304
2999.7516757504277
3177.6658961857065
3098.215692449652
3172.935125404612
3124.27525258145
3072.0001614599387
2898.5905420782237
3079.7228342253666
3002.0884639633905
3114.7323927432835
3069.29451714745
3114.927237579457
2973.5642431638403
3189.37665181438
3011.259148526791
3009.7910351076634
3102.5649375219045
3150.007214981564
3138.0684193764
3017.886006309004
2950.509422473433
3068.9037168750024
3091.7599674397206
2902.9061672013295
3184.894204811119
3210.612480126919
2973.3735910005416
3127.399723410911
3134.687947436176
2963.16265762811
3062.0058872483037
3073.275074524756
3007.108741587429
3022.75150949808
3133.7121372945735
3111.239137631954
3142.346033193201
3013.720213228009
3156.6606076217663
3266.865731164701
3110.4585914407417
3009.434501929912
2966.4407296534587
3095.024605706808
3048.491661865954
3126.4922414388416
3086.3831160206555
3112.3244466843066
3122.616114383283
3047.4239570399295
3177.8456854553206
3081.1666224800283
2966.7283901687183
3040.7448798585556
2995.5426069555465
3135.7995438173293
3073.8527900426666
3120.805568307672
3080.1670149498386
3030.318224010951
3105.7374197191243
3121.0465590539243
3047.2902620709365
3154.8989035841423
3108.4513375599063
3057.4643433709166
3143.92953585495
3101.9214190614034
3031.568630851492
3104.8228146776946
3069.7279082820073
3030.1537697861
2998.1655156280444
3046.5989337400074
2909.7180152499
2960.5980033663336
3039.976045185346
3128.2771079030795
3129.5046197812712
3144.02611158508
2971.4143600091656
3086.2306481308497
3044.026356448727
2943.049849651854
3016.0186194259663
3125.4461685926876
3094.489254847266
3092.1183173895492
3040.859406743638
3062.7036409827233
3169.746591313884
3114.698415775133
3169.9259453927843
3114.1729976799634
3115.6609905089763
2976.305124695796
3224.2046120727123
3033.9967232021
3142.80870880322
3078.7940368270083
3181.816192686672
3092.4161980696636
3100.8442536845528
3057.595788420381
3069.2092190179737
3110.4336588646484
3064.5161870155343
3028.4987563990903
3197.1971791995306
3174.0397295513594
3020.4770012794315
2989.6762292801077
3107.86602358999
3041.9032547827696
3080.8731804469935
3148.0752812670244
3019.83728758503
3114.2611799789097
3045.088713857074
3174.05343993999
2995.9599387245894
3080.1597800665395
3057.040184342169
2955.521528659932
3094.0932819429713
2989.058197087062
3035.910540149809
3149.201693262863
3075.5129957145177
2962.8106678988147
3114.8667666801357
3066.4477014841514
3145.3980607896306
3155.043871145611
3011.0296368448944
3080.455189183158
3106.861404438867
3163.0722117390674
3044.1480809490295
3150.6392415274217
3126.6595312273894
3033.654195920403
3045.0555725088525
2971.6548255261905
3061.341781179734
3056.6138258311826
3156.259943400394
3014.8108870785154
3070.0796382100984
3048.704121046289
3061.2851328474717
3223.192057027612
3092.665906327587
3134.0072528908136
2910.1765315347757
2907.9675138298376
3190.194042398522
3157.639185008332
3176.668929333402
3035.5462645214056
3126.3910178060346
3048.550626794871
3011.5746574351087
3063.8504868503637
3030.495880989966
3109.293346383197
3048.207210625648
3040.3347294610603
3032.448840612646
3060.489786426868
2981.2457648909594
3014.015184627409
3087.2877538334387
2991.7276379730756
3118.293020858616
2987.1926614583194
3055.585306135406
2938.3804233031133
3053.2342324339697
3148.428147070965
3066.493712010096
3149.0206366448133
3064.367358333198
3092.4956492130495
3160.4705162746136
3181.163966070133
3078.088292455141
3203.5419873555943
3008.480520206404
2901.539939184472
3127.660277666627
3096.1260808207435
3008.933667383403
3032.2334889750764
3034.8781240519925
3059.2244956084096
3052.4602765875784
2998.679966277921
2993.686431148859
3051.648612796228
3055.368057359178
3129.679691853396
3168.5416950881017
3191.2410734488067
3045.494079003211
3059.726770257543
2941.304171952867
3063.986941090771
3182.660900213661
3287.20655718847
3163.710337156651
3014.637659754336
3067.0156216124883
3059.52058265217
3186.3117567961885
3037.542322284148
3234.02345038828
3139.6035134900253
3183.581052829201
3127.045002303052
3070.9250090743194
3235.96240166498
3032.743640403856
3089.9756575147103
3080.375973207497
3201.4247272634825
3177.7122537991545
3067.158905191991
3017.0970135563316
2953.5138180366826
3085.376178591754
3011.833109257499
3048.896365595085
3137.419721733093
2934.52224746147
3046.242401893639
3054.691902934613
2982.0952031451475
3002.5680455958422
2968.9750679113076
2922.5929831153003
3075.19025677558
3204.8973352846715
3030.5635668381146
3111.6783102951176
3178.359786815771
3184.3316989506625
3117.0132720802185
3175.3520212044377
3021.7126952745443
3116.0370807831705
3063.3776136949205
3059.921881787481
3070.8059206211187
3149.9931516067572
2996.0203402561406
3078.647608590034
3070.197006147024
3155.508806389886
3083.8176176057823
3072.888199985748
3217.1389957831034
3012.7878382589165
3149.905775279512
3135.839250840054
3076.1644999240293
3039.327803451324
3016.885024318781
2965.6066183408266
3057.7651231169352
2997.0586358182627
3110.284811546287
2937.933919652991
3076.6504705964744
3149.945599232611
3036.474773107524
3159.9476781367966
3060.792434508954
3103.2294244974055
2969.8912970549127
3048.7620454108624
3172.348887970287
2997.335635710362
3123.649045255583
3173.224747791604
3102.5937931218546
3076.7696415334954
3004.1061409630943
3070.727520875757
3049.242887956731
3136.1347160193486
3083.4619716705506
3073.793053265235
2980.154868159991
3138.954770323956
3131.467849006755
3045.2786161288022
3054.3912252956243
3179.9233161891493
3081.759250936395
3103.3644151615517
3077.405778985421
3191.3945170534244
3057.9547161898004
3037.5031016042076
3116.3373690176536
2987.4095959152805
3114.819269428605
3032.0921159491418
3076.503216023249
3000.79262860022
3200.348337555125
3068.5730474033453
3082.521095773495
3195.1523301492093
3028.168742031778
3012.6567076199462
3069.0560384645546
3018.8477729264405
3082.2736876079653
3056.0736812558407
3082.8038963421923
3145.135196439051
3058.7934590950063
3066.812542844948
3070.5566456080683
3034.00275635719
3032.1359504757097
3158.851072962215
3135.7135016384036
3158.4695794866134
3221.298320337328
3058.331443058163
3011.039789076449
3182.9833365305267
3066.350680334841
3075.486995736046
3118.5485823174918
3163.423043671194
3220.999521890032
2926.4574431730034
3099.7526612523943
3112.855460048649
3162.711927887739
3089.968322187659
3156.078944808835
2963.87737671736
3040.3048552790387
3158.5024358463234
3266.455674290231
3142.5587743483043
3037.7446748749285
2970.5092250673974
2973.819369798118
3059.159216835988
3177.972169545519
3052.0204984775314
3156.590482087533
3034.8783378343655
3100.9208478596693
3202.9744501186024
3015.1348892407873
3110.3921709545757
2994.3340306251143
3190.4404941158814
3166.5447259377142
3136.1350619799787
3138.1723390044804
3084.916351720574
2997.3865190502465
3095.278804621494
2953.1880876284126
2974.6487329762676
3128.814069370954
3060.47445069681
3050.01233085511
3056.8900068715548
3129.8160540310805
3171.242841036942
3015.26062443605
3148.0967288490288
3012.7886616415485
3126.393408150364
3089.297166106366
3013.909831027387
3027.5837112516483
3147.4539522476457
3069.458199262692
3063.6347864175636
2931.5511953977602
2979.5655781087203
3059.5619076173334
3073.596617858104
2915.9803909195466
3032.1604501800734
3038.541965438994
3086.3428137046913
2951.0838783137533
3042.1247142729567
3003.142566461436
3068.4369079204657
3105.6247095821045
3143.507029652762
3188.4877723769755
3134.5846362534407
3104.0802264705535
3158.5144540924325
3051.972410355091
2990.015723763974
3063.6020856875607
3024.152747916177
3056.801945939094
3030.554223508667
3051.3909825845585
3099.9374248217014
3072.1185167683134
3039.7258161227455
3118.8538821721168
3203.7582810408003
3125.3593400149975
3047.7789420372437
3085.2323088602625
3014.3818108310456
3019.5687655008537
3116.101751454383
3072.0323731461444
3116.139167823209
3021.1336965637
3130.3763733725827
3079.6979626028556
3037.176286940741
3178.6919551015317
2961.360849796052
3033.7937342000623
3105.1414941687335
3077.134339304354
3056.429874243249
3064.5564061741393
3121.112401829262
3151.06477002484
3104.275295331709
3110.7300484822686
2979.0159849909896
2971.3477117373404
3008.3526595762737
3179.3954100992078
3012.2897641594577
3081.310593720103
2981.0000865422867
3007.6618760987735
3100.820969674474
3013.487405106051
3070.2734073121856
3061.7415826544575
2939.7209231559627
3057.8139035146833
3123.7303443855703
3052.1390650593944
3082.1647419436545
3122.086339829768
3103.145278780748
3028.6628943380147
3038.993901556106
3063.4241068365113
3046.402377498133
3112.8072822322224
2995.058406037667
3009.3433744812733
3108.9701803847965
3106.457953568262
3099.643323045706
3012.271303255957
3055.332995028766
3054.3436622886366
3080.0201331562
2975.5852892350754
3095.069811423918
2975.301443682482
3042.841288860409
3124.0901999944213
3080.224913189203
3085.478835394509
3137.8938281900587
3101.143379650846
3078.0201306904755
3122.9170570785245
3035.625543332678
3157.3017011812153
3134.827560077789
3140.059434308412
2997.1487873464307
3124.3108997001773
2990.0955619098595
3163.3941101061637
3042.902421283733
3039.7029664484194
3045.2153702006094
2986.105008055991
3060.567002152794
3088.0458844196673
2999.4763445541753
3013.011239313117
2982.861745717322
2994.4497138128236
3041.942881155584
3035.123068601757
3145.038846283122
3033.289666711443
3148.034111991434
3115.4762794701455
3097.265057377044
3044.2791453072177
2968.6536915337815
2837.866470695603
2862.50691410601
3130.624812107516
3157.533523196189
3116.1917109832357
3211.588608288147
3080.8259389021946
3074.8932601825763
2995.7048154719023
2876.2426219406816
2999.8054099761266
2966.7600744876777
3075.918271073503
3015.313738489239
3030.3457091481523
3075.9529256103547
3156.794883103246
3119.9172559405333
3053.60666242723
3115.440963873567
3022.219457741359
3073.4849375658055
3149.159325134606
2961.360698898762
3021.7127697107494
3089.484959006886
3032.4828086822113
3050.5565696280505
3008.1178329872673
3144.056516773918
3128.8144296553123
3048.5431164195206
3125.2626265808435
3038.073870458699
3031.098145326397
3129.62915319517
3129.8741380634206
3111.533442623618
3200.742978488066
2956.7776267940562
2990.094434908555
3036.566990235016
3151.951790212835
3036.5781355366094
3092.4685726520725
3126.086641027495
3036.1594468704
3183.3885060603716
3059.108540859698
2947.8397763889207
3111.6251470399457
3155.4185847571994
3098.1528402317026
3022.078814185173
3034.858698382594
2883.508303060786
2988.0806488506814
2889.335845109035
3133.046976089333
3095.7988978915146
2896.7029012536395
3064.832318778101
3036.967958935295
3075.9252159259518
3144.2441704223356
3032.527499492002
3091.812380442563
3089.804544982952
3149.446482874491
3174.5027526419335
3127.5886326316554
3112.8437235169904
3141.65521532365
3061.304947982334
3091.2146270552103
3096.6004742010596
3003.275622395924
3157.9908998012293
3088.7375576678714
2985.8287558521615
2876.5038806094362
2955.49044539301
3071.7349188443686
3095.713675299222
3077.358341374149
3053.1612387033388
3030.0007146187168
3208.260419479463
3127.697832186925
3133.5937712600835
2962.3992709499607
3087.611518805946
3197.354605361761
3014.153930790815
3034.4737372461236
2945.1345902213106
2972.0113162213343
2990.520695952958
3091.1348908043415
3028.1612550918144
3063.008144428923
3059.747630823124
3063.231237182014
3099.878681430566
3143.8670450551713
3028.90533124966
3078.7469919635128
3120.177741557421
3122.4991729795483
3153.76975812267
2996.7279355808746
3157.7797634745284
3138.1938281821353
3167.4027144982106
3015.3227228664923
2913.163819181909
3110.710626131715
3059.495439724118
3128.305565440218
3082.724900949111
3132.2301878093067
3082.829632183452
3025.9088655682694
3222.3940867467345
3083.1567808510827
3071.725872933878
3099.792987230983
3018.1147380175744
3061.541312296938
3017.589192801307
3127.4525893492746
3044.6837236039846
3121.7454036279146
3052.220225838656
3038.830302896019
3104.422315723645
3078.4580844875327
3064.0997540757417
3145.172887787004
3049.968317316929
3160.364610437952
3120.9676210126363
3099.9579609388184
2950.4781890836207
3067.3230899927103
3116.7051451357197
3111.2531839340604
3116.3259412658763
3152.617662309572
3125.739638621783
3129.613764121161
3120.2393575377178
3020.558688561623
3108.187101227765
3099.067080401931
3148.957642069709
3091.7835981448598
3047.185335226123
3173.178101122977
3118.3142742851064
3058.0101478979195
2955.0471970145422
3115.4680295250014
3082.7208857543737
3167.329958236383
3111.1991330357437
3087.7468472234746
3201.943098019487
3069.2894682988663
3090.14634799616
3012.121482357825
3052.2945601014553
3159.7656510590855
3150.5893930373627
3013.658787907184
3150.4352402632285
3160.120857215215
3077.711460850413
3064.109811009043
3089.6214038753824
3170.206614799098
3029.9226069958
3052.1449140169643
3059.117134178896
3196.436647260793
3154.8681859638955
3142.8940288054932
3068.6216255219065
3144.867598993687
3082.2556284760576
3034.0706396377586
3097.181355583018
3143.978101221515
3112.4184004897115
3083.0169090975605
3032.9312408240958
3073.546875680197
3224.3230951490023
3061.337866350813
2913.8811032629055
3236.2147325061705
3120.164436696874
3176.1525825143976
2939.9438857400355
3100.3679662262166
3180.914690102641
3117.36838368082
3187.307698616685
3143.454515167491
3039.497437574563
3117.7658421133647
2993.0547379610784
3163.331117004481
3078.785881660381
3139.4335646071777
3220.4278051489364
3198.2231291432736
3040.5089843459023
3034.2258543679745
3087.1318818751147
3114.778809209647
3068.526443857051
3076.500304930404
3095.639229992322
3080.6250409073145
3041.197495682278
3114.421008206109
2961.0761227200496
2937.253606367151
3062.6126843095544
3183.2106874910396
3139.8413282078327
3157.1740987098888
3035.654670364622
3072.8233180456978
3046.184868929092
3091.434269839329
3080.6588389985327
3123.7157057801387
3136.921984337029
3013.1403795032047
3123.409638107708
3071.4650151070873
3096.829826765045
3002.688904516359
3083.175316040144
3013.289096532535
3107.7296878979573
3052.8017530943443
3047.640628522909
3218.3780268521105
3137.830638564278
3064.144400765535
3086.9176286278666
3003.706723886779
3011.1270216304783
3066.039003670675
3103.25186760677
3124.2015474419345
3071.5057979758717
3046.678584190675
3015.49424610539
3186.4892433439827
2969.1841179610974
2819.795699817129
2829.995401254213
2877.9303454865726
2861.1495403229715
2906.99813847121
1736.5380615710412
91.70815242588132
2185.562626692892
2478.590369405502
2733.9333943138436
2733.834084828024
2863.973490693779
3002.598356488167
2849.5495384173855
2900.206459299646
3032.585187221338
2914.8567242053814
3006.4988184134245
3049.867405285755
3030.7163766953972
3051.99606322857
3069.92746456677
2751.1731079796164
3056.5399095932294
3121.663379467483
3105.8387331526046
3059.2809050955507
3130.9250296093023
3133.7287226183466
3128.184000372301
3010.6214824909166
3126.4311743585895
3117.040415441338
2922.7839661110497
3089.2227639984853
3042.05881393835
3117.49130559597
3165.139630144725
3061.392911801036
3045.249814035921
3101.036661953818
3083.747206387981
3078.2314951651088
3114.9610989266916
3026.713831538135
3037.7337949719285
3041.1912825631616
3097.9160095435195
3105.1718029792282
2888.313143742893
2969.889022566322
3141.709782054614
2803.2425648154076
3110.874298178287
2967.596398650631
3088.8786453561183
3143.2421682088175
3111.0751627285717
3050.3006720599883
3014.14816655894
2962.352343742802
3029.7579050080894
3233.5927281301065
3114.7397972021317
3234.5111714965183
3082.601537760621
3059.922762916882
3146.1349756631207
2982.036231332064
3095.33751779925
2960.624974913209
3118.3640100194834
2986.4516012776876
3114.852372747462
3003.1315825810875
3110.20291477672
3119.5776725546107
3088.6285052389394
3082.7748330048344
3023.942409132002
3058.550404915935
3106.700737468563
3114.9562608924916
3027.430783423143
3150.8991637514505
2987.0912023008536
3064.288003409342
3030.188582343081
3067.0858220041796
3177.951536757807
3056.9852684025204
3153.5945895281893
3115.406060525113
3035.1048837293374
3215.5841736033585
3091.9929828802933
3142.1490547496924
3132.6842080421957
3075.5587312482203
3174.985944226904
3064.2561318936455
3084.99154020958
3003.133750217052
3096.3783171469245
2989.5803956046757
3070.081860184427
3039.6585040981527
3036.347468221133
3030.540956342194
3251.913224361508
3054.015368971681
3106.7303798644652
3099.820938232256
3114.761470733661
2954.144638255924
3080.236674031667
2990.027301894014
3111.2771419659302
2980.100921065036
3030.030575951121
2858.7602939625076
3003.832929813424
2799.26597006459
2852.9451357910884
2894.751186782448
3006.360588905722
3065.7593284067334
3042.174361969928
3117.5373818693492
3022.4640236653995
3007.903173936053
3087.6016999828585
3162.3818020464882
2976.783342961343
3044.6435522948627
3062.788236517528
3017.0649904953125
2980.8746892846857
2990.951701774758
3076.570772221582
3023.895808087895
2880.0407142820636
3034.5115430963733
3002.200545798983
3069.7360888826443
3144.8244114735458
2926.8312573976405
2944.1044826486204
2840.4761319295585
3070.649345655275
3102.1191926009483
3166.4654360315344
3166.384844236505
3053.4237466274676
3069.257088375406
2992.7606427269584
3036.597559578523
3027.7796567505025
3106.2970744184236
3116.600835418058
3114.5931678343277
3069.9571197466
3126.71182783265
3171.4893300043104
2994.0339937915264
3016.7680524258603
3164.0536126217007
2951.4964834948278
2951.0182785482816
3139.932195703056
3215.4331613158975
3040.2294458985875
3050.8858653194698
3126.875196295473
3013.70988060254
3110.048301235481
3131.6350110616877
3066.1256435295677
2947.241049693747
2935.8539818806967
3125.8063206894144
3106.615539792926
3135.6901980324487
3103.8592077083254
2965.9242941517073
3072.4081242876323
3011.391065492763
3128.825098411424
3030.584472679593
3087.4830031345778
3213.1564519885196
3072.545406407222
606.6774590141572
3153.459212503671
3127.344037483654
2996.1847652742968
3040.9097800549002
3039.557931484883
2843.978966232643
2944.640683478749
3071.7312032105992
3030.0968879305296
3061.534777777827
2907.6698692470454
3040.543314046346
2940.835093362973
2984.879996261112
3039.760915565465
2908.1911697700716
2972.4042811918157
3057.49630553026
3085.029050778829
3001.56291351455
2966.179696820517
2922.813343663939
2941.555632097168
3050.1710391408374
2888.657605726763
2958.5539186443166
2992.8897640380405
2974.96922172641
2965.9091152176734
3050.466374851917
3089.416430359474
3060.7287822492926
3053.8813375115074
3146.065059306973
3104.667575314053
2932.2871442529427
2991.9746980743407
2976.52028625728
3234.565821964783
3053.7461152406
3124.2160865708543
3147.3242553238397
3075.326442865036
3033.925130890703
3107.1121573703927
3075.429273155016
2892.4883748646976
3072.061143552384
3121.447160818701
3012.146668276133
3079.3821951278032
3092.542777501542
3036.9885459411225
3094.981459346849
2955.3171665506475
3118.2953120006246
3091.662973693853
3170.579928301104
3109.1661866184436
3055.9574231103843
3132.1801757304547
3105.1898943067554
3055.863798523092
3182.7603796325366
2958.189521658124
3128.5081290483113
3018.2253359959163
3063.2477512362534
3044.3768519786295
2970.6533888671884
3142.1434177456385
3130.50521166621
3013.7595179201494
3049.282677475253
3130.317802284083
2931.499760267405
2879.4097851336155
3159.2794954118567
3182.040060345978
3152.864949666118
3023.190266808595
3112.7383174658025
3007.153064077097
3045.9716811627213
2969.3657161662704
3022.796615785245
3172.4185502618816
3077.7402546679145
3082.305199924448
2962.052485462888
3089.8773245298607
2949.5229525529417
2908.948642657179
3072.8810389545656
3064.634625439462
3055.502039677821
3057.164820426453
3099.91072948852
3066.0668483458626
3062.399109914338
3020.048981771268
3111.3249946083984
3128.0557721365626
3044.112009354568
3020.217038715291
3017.415065570609
3133.0442242894887
3007.771241781398
3038.646935222105
3014.0547793096116
3171.744955288726
3175.4762794888757
3187.941323567452
3126.5176422750133
3152.5035129506296
3068.5568079631917
3134.498326927701
3089.816783480135
2980.2554848628265
2998.6762260956493
2943.449665533454
2989.626313703021
3016.224116766805
3023.608055264071
3104.4826775300166
3039.4340553192055
3004.2562616820464
3066.4855371781105
3034.0142774076694
3050.7447317021306
3074.206000779029
3059.640017243486
3107.700364466436
3022.162063937255
2983.2689173720323
2929.5629435226615
3067.630273033327
2970.001701482663
3064.384297195051
3111.3992883601127
3081.8866976615873
3034.8164758288904
3066.6026060266345
3039.207619233917
3090.333996770121
3053.7540987554453
2925.8029016459154
2961.364553877782
2953.037057744464
3111.3352542074153
3125.8239984008405
3042.8741472406177
3060.651755291419
3131.9149354605497
3164.558518540057
3115.490107996071
3029.782074981776
3067.6316654217
2974.2368226300177
3065.61577515287
3071.2041150336854
3034.804708504595
3087.69150837362
3245.5664956831274
3011.016316098471
3074.0410488787875
3004.3095084760816
3061.118912872031
3059.8370025652916
3073.8438155013187
3021.6788456360514
3062.558558774697
3130.958283807877
3094.1844448457196
3053.2908760097725
3028.667002522378
3016.5810883272775
3054.5723240950774
3026.969028861023
3108.7996957063697
3004.4439675904955
3031.941491206687
3176.0133273923952
3061.082740952877
2927.2341467603624
2918.4234634295203
3082.521449488457
3131.553135036526
3141.9781552280942
3120.411089651373
3029.2388713736314
3034.5906044706553
3081.967805871474
2985.5151485522397
3055.476927051736
3065.308582666042
3042.406170460946
2826.7048023015655
2973.695049995948
2966.1866358347597
3147.411733583377
2986.632298922642
3091.350448983164
3117.711276657578
3025.764513509802
3067.1262964433704
2965.972026067684
3112.071944952486
3018.8484175196986
3027.2221496228317
3009.255774555176
2878.860223204656
2857.737575854644
2993.428544239499
3044.326556015408
2937.9601129858656
3002.7615489033474
2880.3152780017476
3073.026789564459
3003.6474085908576
2992.158896823883
3038.775728357012
2998.3942676417514
2980.1243568100117
3038.2902511781795
3037.620675444469
3047.0083368645774
3130.2618544217835
3115.7514422407507
3057.018796218826
3019.44700841474
3066.5594273068664
3099.518495260057
3157.4358751082477
3034.062081680786
3004.701368448821
3067.9730738009134
2992.8298691535206
3030.8035755552187
2955.752539263205
3051.0486389845096
3056.6518091972507
3107.221688593462
3017.3834552867575
3048.305694238462
3100.1877904314415
3095.370401552332
3071.6101228424286
3015.000314254414
3099.7438683703626
3115.8412401632863
3124.1498218156803
3111.7819771305963
3077.3380381972693
3108.3960869143248
3048.301927187465
3128.227899516838
3054.71940071453
3032.617968020756
3023.919000038118
3147.3355918191155
3086.389624620357
3041.338876643634
3052.1618455568423
2985.4086199848775
3137.3455486719845
2994.9505352364918
3074.3400933056932
3145.5676228763155
2953.2216036138307
3005.259510792248
3003.377048034623
3012.414816927982
3069.319710803839
3125.2892640168598
3085.7195679304305
3153.8393290610534
3003.5930345531924
2982.6219045392427
3070.194269665019
2976.221289663352
2994.069761726511
3060.2067348730575
2956.274889318391
3045.431318603437
3219.891177617836
3111.0506301238843
3101.434517713259
3092.787013040399
3083.0431558693513
3062.8650970562203
3001.2012102997273
3191.3276730950142
3114.310074106248
3162.0003348847463
3003.0554176792107
3163.0373677432403
3109.5641057402336
3013.711003071732
3121.6218493412475
3077.685446683248
3122.539645116129
3063.301543130887
3114.7448659390093
3090.47939409192
3114.76509572002
3135.1351133509042
3097.39404062268
3086.436841956255
3073.8682320280745
3178.3421632913555
3198.800017412353
3148.3403402168437
3061.8869959922126
3166.9045090623317
3057.1470551975094
2995.3176428752927
3034.9180331296907
2946.373160017525
3056.225370218708
3100.808614602544
3085.275411656728
3071.1331762200925
3097.604443938511
3142.797471948032
3052.6430252392647
3082.3916855191696
3167.931467034249
3034.907928393351
2979.451890408535
3043.427242328059
3173.9410744790403
3097.289221904522
3084.9456259606463
3078.5717999067615
3055.5005898824943
3008.8717089128045
3146.463542021618
3020.958850087281
3183.619239849305
3045.389874795963
3192.1074891113954
3150.1469475084277
3109.653846246302
3118.6332889641103
3007.1622495342713
2998.9616800573995
3082.778023958241
3073.525402425215
3063.3538509295536
3253.50770363583
3169.0180595351158
3154.949726138286
3029.669196037693
3075.902134366416
3075.7157334385265
2988.6064885166275
2921.9996553330466
3022.5344435126576
2977.3537624901896
2994.0306631503104
3029.374525633243
3004.5384323101607
2922.4439702967775
3048.6975881617777
3012.1113688950986
2976.335619054503
3091.885166937331
3085.671756385981
3006.2329589465676
2967.983466633632
3004.255699950792
3028.0023070261136
3040.174654983877
3034.8254218311886
2933.4895483157507
3102.355421408501
3102.0590969145437
3070.2847401039826
3007.570422965342
3110.7084546017873
3035.1353438073106
3030.2847757313093
3000.0513571674005
3079.4523564701176
2998.286310537724
3046.2683728136008
3094.5930267697504
3043.748277928
2997.8679395800305
3126.9100116788168
3041.3688467263823
3133.0180290735098
3035.5509034874617
2946.7748892768604
3118.382255431416
2991.1311648995124
3073.953745514312
3014.1060527466443
3155.1490751499405
3024.7460314381965
3116.579281632306
3104.2798507517637
3051.320760440782
3002.598033189991
3196.625178014813
2966.833219509619
3113.104039908771
3130.1284747316986
3147.37505642036
3043.090052128803
3092.211237726897
3130.8043995081243
2972.2656036664416
2981.1787752572154
3128.2533749526183
3004.7779194516215
3089.264836166088
3058.1789165839
3064.94305360668
3052.6330417839085
3036.8874673688047
3033.6478385835935
3057.8256813275334
3044.6613752340777
3025.8224943076893
3109.1651641818294
2903.239378500397
2957.7965928517415
3056.8055522557015
2878.7943357862637
3154.7292874091722
3022.642900722091
3005.644098911852
3025.65661613512
3051.988848547309
3061.809080554305
3080.624668691262
2964.0775910979914
2938.8859067306767
3063.503636470974
3076.896162987193
3110.2012792097153
3079.5990736935164
3034.5125156328063
2964.8992431491283
3053.071053449324
3035.1199871116223
3067.2302011614106
2947.5577106102833
2957.8843257414646
2987.7881393624
2973.8010895650023
2988.837807727992
3016.881845966963
3128.5134292251128
2993.5956772059626
3078.4091169402654
3069.13506977358
2885.114167143719
2829.6743974690035
1998.666333264368
1292.2778509341974
2967.5305890584677
2611.5846557446753
3138.974164013145
2829.6871083042133
2637.33916762406
1167.0883736736657
2826.9794217031326
2912.939508038334
1064.3660675588903
3076.8401838602495
3109.6699295105013
3004.280633821528
2865.6922911233637
2950.4661886583167
3080.4674868234333
3045.5604736543382
3084.695592798702
3084.701998835915
3281.967846988919
3132.0770513426833
3097.2005243760573
3092.6354846786203
3064.848777827249
3101.5288406745312
3117.7888931165094
3174.226283313779
3052.5056571265486
3102.5038433477134
3152.392691033161
3113.428908663062
3112.9852594317717
3250.133571524888
3212.814878425771
3010.12592822715
3091.7264911656875
3167.7086588942907
3139.52260260754
3138.601075594817
2932.557736557196
3131.378023628996
3091.7476987855366
3097.7497043149665
2991.7721826387246
3008.0365614712177
2879.384035738051
3078.635174492812
3064.1544255107
3073.9166843686653
2995.10205711859
3095.9739896907167
3092.691237892985
3038.1502239015713
3074.3922054555064
3179.9442135350946
3064.230459595958
3119.984012217401
3030.1062996428814
3065.8079679768366
2980.6108726617176
3124.61594625426
3043.3143806434446
3059.2174444438315
2993.37440764763
3116.386947188651
3163.6774432495936
3061.3296125471957
3067.957091746269
3163.366612576563
3070.6623425443954
3026.2954562733917
3065.6790856914236
3089.1738464731
3089.3841195992936
3125.6008825121603
2994.5431748082283
3143.8711849529986
3121.396222897911
3055.444529174634
3092.0209024555306
3126.7732396850065
2947.5269934681746
2871.6671329753467
2948.845364433857
2954.188529505957
3112.7051483059686
3039.376701049263
3059.4879944985946
3106.4122330047476
3085.5152217562177
3082.6482789209754
3085.060705128705
3111.040621174283
3117.7190564295943
2966.247590519504
2991.5192934309757
3072.4234350388233
3119.8919303250623
3202.373323250888
3096.8144134079307
3017.8165656699753
3041.301554382862
3091.089347276
3135.5159843529327
3107.2986605100064
3056.830179849031
2993.5265588498037
3166.383317275125
2990.189938826991
2976.726360988809
3024.691626171376
3015.2260281755903
3094.8452841893454
3044.957825573796
3128.101037009123
3117.415316170735
3022.01079627998
3088.7735583821873
2984.9547894173784
3084.528674169901
3051.368719773898
3021.6616747446633
3246.753187703005
3030.3537899698363
3073.478029750696
2981.597953233876
2980.7654865372388
3028.144267123545
3057.24139512271
3069.353861472334
3052.3251710554905
2993.882843584482
2986.52950293124
3121.4031041202034
2982.8128827114747
3136.363735882077
3050.237581095099
3072.090851168032
3174.844698556977
3083.7796824670277
2998.6237293716777
3031.813431740253
3211.5717134271586
3052.078460946731
3026.2666916189787
2889.2809388071173
2861.658214534105
2942.287457285255
2882.2775847764165
2974.9062839961866
2875.4155981989943
3076.5068205920516
3025.252597121021
2874.9357784583476
3079.3576152260316
2951.9884821063406
2861.2740792251793
3031.53183880929
3130.6039165303628
3043.627713952317
2951.478839700081
2993.528693244707
2891.5510143669494
3033.3198766425858
2979.198231548202
2941.31329844315
3186.036997685891
3133.4512610536185
3056.4916380740106
3012.8355797229065
3043.3760796717693
3058.190887382596
3160.0730144977774
3049.066047870148
2977.1303763234937
3012.2327000583705
3024.8736977420504
3048.2522282127043
2940.4523852410034
2956.1045517932967
3074.098927689008
3032.7805885890048
3029.4043474508335
3074.398880027886
3075.7048390839623
2919.8693793742136
3056.3428005585934
3117.691978659566
3068.7047200652
3058.4929779437584
3038.0745807125268
2957.615823138929
3005.422065216931
3121.8062208193355
3031.9438027758943
3146.4289760925594
3148.933275873437
3131.6390248644834
3136.5518136767555
3015.40296641774
3143.170388013756
2836.9575312864354
3093.634100415007
3018.538611973887
3074.633527551167
3025.932752939628
3064.982527281673
3121.1763773909324
3193.3295328760473
3119.4302549421814
3051.8570408441637
3105.0663198505563
3119.914430325464
3135.756964725412
3191.02652961486
3092.9500082713953
3041.5814504431964
3019.356578363494
3127.0908686871294
3174.6928394824304
3088.3979655313215
3274.2571066535693
3105.3414680877154
2991.6309574937727
3014.7492356806974
3056.5572463096014
3124.146744714741
3136.9185809162186
3109.9640552524675
2991.6270706946043
2991.571048190558
3040.600231594595
3086.5663326061485
3127.947516439507
3079.3219656368788
3118.314166714674
3206.482323564759
3068.1198197528174
3045.936276102698
3010.2512528971124
3042.6172895669347
3006.590725903466
3097.117412642402
3048.1524517286252
3017.328290157924
3105.5611964389136
2958.3931150076387
2997.734591744252
2886.8175482058004
2942.631834662414
3072.847360327744
3064.534573446662
2910.919462966744
3021.3862173656257
2973.95329004761
3115.3381492483186
2984.776194853535
3021.0666443057044
3111.333680884328
3130.8435390498917
3022.8924056429146
2975.396828008135
3076.3323867750587
3046.6626124117947
2980.1715571169184
3080.4380612682535
3043.0332601010696
3066.7978014872874
3131.5678635284207
3082.6669395220424
2958.3812334515505
2944.8728729513405
3015.3065756274145
2949.8792550624944
3079.044919913332
3143.19637508546
3076.6690436463155
3191.0764707773033
3024.8567977551784
3032.9229934696536
3144.1417826296884
3120.639044457393
3118.6987291554997
2981.1749151332147
3112.9286716378265
3062.0830311219534
3013.213075050246
3076.1229920417945