-0.7842284439827931
-0.7842284439827931
-0.7842284439827931
-0.7842284439827931
-0.7842284439827931
-0.7842284439827931
-0.7842284439827931
-0.7842284439827931
-0.7842284439827931
-0.7842284439827931
115.42879644625347
115.42879644625347
115.42879644625347
115.42879644625347
115.42879644625347
115.42879644625347
115.42879644625347
115.42879644625347
115.42879644625347
115.42879644625347
983.6890322873298
983.6890322873298
983.6890322873298
983.6890322873298
983.6890322873298
983.6890322873298
983.6890322873298
983.6890322873298
983.6890322873298
983.6890322873298
1658.8982914170115
1658.8982914170115
1658.8982914170115
1658.8982914170115
1658.8982914170115
1658.8982914170115
1658.8982914170115
1658.8982914170115
1658.8982914170115
1658.8982914170115
1736.3300251897126
1736.3300251897126
1736.3300251897126
1736.3300251897126
1736.3300251897126
1736.3300251897126
1736.3300251897126
1736.3300251897126
1736.3300251897126
1736.3300251897126
1745.3794236168965
1745.3794236168965
1745.3794236168965
1745.3794236168965
1745.3794236168965
1745.3794236168965
1745.3794236168965
1745.3794236168965
1745.3794236168965
1745.3794236168965
1974.452634509487
1974.452634509487
1974.452634509487
1974.452634509487
1974.452634509487
1974.452634509487
1974.452634509487
1974.452634509487
1974.452634509487
1974.452634509487
2035.2215195409337
2035.2215195409337
2035.2215195409337
2035.2215195409337
2035.2215195409337
2035.2215195409337
2035.2215195409337
2035.2215195409337
2035.2215195409337
2035.2215195409337
1891.2018780374126
1891.2018780374126
1891.2018780374126
1891.2018780374126
1891.2018780374126
1891.2018780374126
1891.2018780374126
1891.2018780374126
1891.2018780374126
1891.2018780374126
1837.587484435907
1837.587484435907
1837.587484435907
1837.587484435907
1837.587484435907
1837.587484435907
1837.587484435907
1837.587484435907
1837.587484435907
1837.587484435907
1735.3377274199795
1735.3377274199795
1735.3377274199795
1735.3377274199795
1735.3377274199795
1735.3377274199795
1735.3377274199795
1735.3377274199795
1735.3377274199795
1735.3377274199795
1768.656983203397
1768.656983203397
1768.656983203397
1768.656983203397
1768.656983203397
1768.656983203397
1768.656983203397
1768.656983203397
1768.656983203397
1768.656983203397
1881.9041231658778
1881.9041231658778
1881.9041231658778
1881.9041231658778
1881.9041231658778
1881.9041231658778
1881.9041231658778
1881.9041231658778
1881.9041231658778
1881.9041231658778
1971.6975633255809
1971.6975633255809
1971.6975633255809
1971.6975633255809
1971.6975633255809
1971.6975633255809
1971.6975633255809
1971.6975633255809
1971.6975633255809
1971.6975633255809
2065.958632321741
2065.958632321741
2065.958632321741
2065.958632321741
2065.958632321741
2065.958632321741
2065.958632321741
2065.958632321741
2065.958632321741
2065.958632321741
2084.6379301157044
2084.6379301157044
2084.6379301157044
2084.6379301157044
2084.6379301157044
2084.6379301157044
2084.6379301157044
2084.6379301157044
2084.6379301157044
2084.6379301157044
2044.64504697682
2044.64504697682
2044.64504697682
2044.64504697682
2044.64504697682
2044.64504697682
2044.64504697682
2044.64504697682
2044.64504697682
2044.64504697682
2232.7543342939025
2232.7543342939025
2232.7543342939025
2232.7543342939025
2232.7543342939025
2232.7543342939025
2232.7543342939025
2232.7543342939025
2232.7543342939025
2232.7543342939025
2350.4850128058893
2350.4850128058893
2350.4850128058893
2350.4850128058893
2350.4850128058893
2350.4850128058893
2350.4850128058893
2350.4850128058893
2350.4850128058893
2350.4850128058893
2419.2146434211
2419.2146434211
2419.2146434211
2419.2146434211
2419.2146434211
2419.2146434211
2419.2146434211
2419.2146434211
2419.2146434211
2419.2146434211
2478.9799363318452
2478.9799363318452
2478.9799363318452
2478.9799363318452
2478.9799363318452
2478.9799363318452
2478.9799363318452
2478.9799363318452
2478.9799363318452
2478.9799363318452
2517.130122565873
2517.130122565873
2517.130122565873
2517.130122565873
2517.130122565873
2517.130122565873
2517.130122565873
2517.130122565873
2517.130122565873
2517.130122565873
2531.7711530057986
2531.7711530057986
2531.7711530057986
2531.7711530057986
2531.7711530057986
2531.7711530057986
2531.7711530057986
2531.7711530057986
2531.7711530057986
2531.7711530057986
2573.0273510928914
2573.0273510928914
2573.0273510928914
2573.0273510928914
2573.0273510928914
2573.0273510928914
2573.0273510928914
2573.0273510928914
2573.0273510928914
2573.0273510928914
2630.606763512168
2630.606763512168
2630.606763512168
2630.606763512168
2630.606763512168
2630.606763512168
2630.606763512168
2630.606763512168
2630.606763512168
2630.606763512168
2700.662012272601
2700.662012272601
2700.662012272601
2700.662012272601
2700.662012272601
2700.662012272601
2700.662012272601
2700.662012272601
2700.662012272601
2700.662012272601
2587.744097557161
2587.744097557161
2587.744097557161
2587.744097557161
2587.744097557161
2587.744097557161
2587.744097557161
2587.744097557161
2587.744097557161
2587.744097557161
2693.273838870032
2693.273838870032
2693.273838870032
2693.273838870032
2693.273838870032
2693.273838870032
2693.273838870032
2693.273838870032
2693.273838870032
2693.273838870032
2548.283805905917
2548.283805905917
2548.283805905917
2548.283805905917
2548.283805905917
2548.283805905917
2548.283805905917
2548.283805905917
2548.283805905917
2548.283805905917
2752.722494539024
2752.722494539024
2752.722494539024
2752.722494539024
2752.722494539024
2752.722494539024
2752.722494539024
2752.722494539024
2752.722494539024
2752.722494539024
2740.9034965925694
2740.9034965925694
2740.9034965925694
2740.9034965925694
2740.9034965925694
2740.9034965925694
2740.9034965925694
2740.9034965925694
2740.9034965925694
2740.9034965925694
2698.1995010812507
2698.1995010812507
2698.1995010812507
2698.1995010812507
2698.1995010812507
2698.1995010812507
2698.1995010812507
2698.1995010812507
2698.1995010812507
2698.1995010812507
2725.025474766137
2725.025474766137
2725.025474766137
2725.025474766137
2725.025474766137
2725.025474766137
2725.025474766137
2725.025474766137
2725.025474766137
2725.025474766137
2548.25481644408
2548.25481644408
2548.25481644408
2548.25481644408
2548.25481644408
2548.25481644408
2548.25481644408
2548.25481644408
2548.25481644408
2548.25481644408
2740.8212499351653
2740.8212499351653
2740.8212499351653
2740.8212499351653
2740.8212499351653
2740.8212499351653
2740.8212499351653
2740.8212499351653
2740.8212499351653
2740.8212499351653
2200.870418794704
2200.870418794704
2200.870418794704
2200.870418794704
2200.870418794704
2200.870418794704
2200.870418794704
2200.870418794704
2200.870418794704
2200.870418794704
2744.534036029468
2744.534036029468
2744.534036029468
2744.534036029468
2744.534036029468
2744.534036029468
2744.534036029468
2744.534036029468
2744.534036029468
2744.534036029468
2695.2559189452263
2695.2559189452263
2695.2559189452263
2695.2559189452263
2695.2559189452263
2695.2559189452263
2695.2559189452263
2695.2559189452263
2695.2559189452263
2695.2559189452263
2778.090332741348
2778.090332741348
2778.090332741348
2778.090332741348
2778.090332741348
2778.090332741348
2778.090332741348
2778.090332741348
2778.090332741348
2778.090332741348
2717.3801900193657
2717.3801900193657
2717.3801900193657
2717.3801900193657
2717.3801900193657
2717.3801900193657
2717.3801900193657
2717.3801900193657
2717.3801900193657
2717.3801900193657
2968.5777479143126
2968.5777479143126
2968.5777479143126
2968.5777479143126
2968.5777479143126
2968.5777479143126
2968.5777479143126
2968.5777479143126
2968.5777479143126
2968.5777479143126
2778.927096091571
2778.927096091571
2778.927096091571
2778.927096091571
2778.927096091571
2778.927096091571
2778.927096091571
2778.927096091571
2778.927096091571
2778.927096091571
2941.8469836190798
2941.8469836190798
2941.8469836190798
2941.8469836190798
2941.8469836190798
2941.8469836190798
2941.8469836190798
2941.8469836190798
2941.8469836190798
2941.8469836190798
2948.8977417752194
2948.8977417752194
2948.8977417752194
2948.8977417752194
2948.8977417752194
2948.8977417752194
2948.8977417752194
2948.8977417752194
2948.8977417752194
2948.8977417752194
2791.3097427269863
2791.3097427269863
2791.3097427269863
2791.3097427269863
2791.3097427269863
2791.3097427269863
2791.3097427269863
2791.3097427269863
2791.3097427269863
2791.3097427269863
2967.670530596634
2967.670530596634
2967.670530596634
2967.670530596634
2967.670530596634
2967.670530596634
2967.670530596634
2967.670530596634
2967.670530596634
2967.670530596634
2916.6675049281316
2916.6675049281316
2916.6675049281316
2916.6675049281316
2916.6675049281316
2916.6675049281316
2916.6675049281316
2916.6675049281316
2916.6675049281316
2916.6675049281316
2873.227962218941
2873.227962218941
2873.227962218941
2873.227962218941
2873.227962218941
2873.227962218941
2873.227962218941
2873.227962218941
2873.227962218941
2873.227962218941
2866.927097461593
2866.927097461593
2866.927097461593
2866.927097461593
2866.927097461593
2866.927097461593
2866.927097461593
2866.927097461593
2866.927097461593
2866.927097461593
2967.642968487629
2967.642968487629
2967.642968487629
2967.642968487629
2967.642968487629
2967.642968487629
2967.642968487629
2967.642968487629
2967.642968487629
2967.642968487629
2830.181914077626
2830.181914077626
2830.181914077626
2830.181914077626
2830.181914077626
2830.181914077626
2830.181914077626
2830.181914077626
2830.181914077626
2830.181914077626
2880.2786418814544
2880.2786418814544
2880.2786418814544
2880.2786418814544
2880.2786418814544
2880.2786418814544
2880.2786418814544
2880.2786418814544
2880.2786418814544
2880.2786418814544
1857.0252355715243
1857.0252355715243
1857.0252355715243
1857.0252355715243
1857.0252355715243
1857.0252355715243
1857.0252355715243
1857.0252355715243
1857.0252355715243
1857.0252355715243
2982.0656456471356
2982.0656456471356
2982.0656456471356
2982.0656456471356
2982.0656456471356
2982.0656456471356
2982.0656456471356
2982.0656456471356
2982.0656456471356
2982.0656456471356
3029.0444828695117
3029.0444828695117
3029.0444828695117
3029.0444828695117
3029.0444828695117
3029.0444828695117
3029.0444828695117
3029.0444828695117
3029.0444828695117
3029.0444828695117
2950.4100775313163
2950.4100775313163
2950.4100775313163
2950.4100775313163
2950.4100775313163
2950.4100775313163
2950.4100775313163
2950.4100775313163
2950.4100775313163
2950.4100775313163
2899.374185966324
2899.374185966324
2899.374185966324
2899.374185966324
2899.374185966324
2899.374185966324
2899.374185966324
2899.374185966324
2899.374185966324
2899.374185966324
3006.2739865937974
3006.2739865937974
3006.2739865937974
3006.2739865937974
3006.2739865937974
3006.2739865937974
3006.2739865937974
3006.2739865937974
3006.2739865937974
3006.2739865937974
3062.1519762463213
3062.1519762463213
3062.1519762463213
3062.1519762463213
3062.1519762463213
3062.1519762463213
3062.1519762463213
3062.1519762463213
3062.1519762463213
3062.1519762463213
3051.1216105496987
3051.1216105496987
3051.1216105496987
3051.1216105496987
3051.1216105496987
3051.1216105496987
3051.1216105496987
3051.1216105496987
3051.1216105496987
3051.1216105496987
3029.7735319235126
3029.7735319235126
3029.7735319235126
3029.7735319235126
3029.7735319235126
3029.7735319235126
3029.7735319235126
3029.7735319235126
3029.7735319235126
3029.7735319235126
3060.5479625114694
3060.5479625114694
3060.5479625114694
3060.5479625114694
3060.5479625114694
3060.5479625114694
3060.5479625114694
3060.5479625114694
3060.5479625114694
3060.5479625114694
2980.7991049383504
2980.7991049383504
2980.7991049383504
2980.7991049383504
2980.7991049383504
2980.7991049383504
2980.7991049383504
2980.7991049383504
2980.7991049383504
2980.7991049383504
3037.9344504813644
3037.9344504813644
3037.9344504813644
3037.9344504813644
3037.9344504813644
3037.9344504813644
3037.9344504813644
3037.9344504813644
3037.9344504813644
3037.9344504813644
2976.086302100727
2976.086302100727
2976.086302100727
2976.086302100727
2976.086302100727
2976.086302100727
2976.086302100727
2976.086302100727
2976.086302100727
2976.086302100727
3007.125659831911
3007.125659831911
3007.125659831911
3007.125659831911
3007.125659831911
3007.125659831911
3007.125659831911
3007.125659831911
3007.125659831911
3007.125659831911
2965.160912687455
2965.160912687455
2965.160912687455
2965.160912687455
2965.160912687455
2965.160912687455
2965.160912687455
2965.160912687455
2965.160912687455
2965.160912687455
2988.9955652388912
2988.9955652388912
2988.9955652388912
2988.9955652388912
2988.9955652388912
2988.9955652388912
2988.9955652388912
2988.9955652388912
2988.9955652388912
2988.9955652388912
3052.5697171758175
3052.5697171758175
3052.5697171758175
3052.5697171758175
3052.5697171758175
3052.5697171758175
3052.5697171758175
3052.5697171758175
3052.5697171758175
3052.5697171758175
3093.1420390521844
3093.1420390521844
3093.1420390521844
3093.1420390521844
3093.1420390521844
3093.1420390521844
3093.1420390521844
3093.1420390521844
3093.1420390521844
3093.1420390521844
2932.1720255567197
2932.1720255567197
2932.1720255567197
2932.1720255567197
2932.1720255567197
2932.1720255567197
2932.1720255567197
2932.1720255567197
2932.1720255567197
2932.1720255567197
3126.5653553984375
3126.5653553984375
3126.5653553984375
3126.5653553984375
3126.5653553984375
3126.5653553984375
3126.5653553984375
3126.5653553984375
3126.5653553984375
3126.5653553984375
3008.388337090133
3008.388337090133
3008.388337090133
3008.388337090133
3008.388337090133
3008.388337090133
3008.388337090133
3008.388337090133
3008.388337090133
3008.388337090133
3036.5821707937944
3036.5821707937944
3036.5821707937944
3036.5821707937944
3036.5821707937944
3036.5821707937944
3036.5821707937944
3036.5821707937944
3036.5821707937944
3036.5821707937944
3127.174633248892
3127.174633248892
3127.174633248892
3127.174633248892
3127.174633248892
3127.174633248892
3127.174633248892
3127.174633248892
3127.174633248892
3127.174633248892
3163.389775989145
3163.389775989145
3163.389775989145
3163.389775989145
3163.389775989145
3163.389775989145
3163.389775989145
3163.389775989145
3163.389775989145
3163.389775989145
3119.4559601375436
3119.4559601375436
3119.4559601375436
3119.4559601375436
3119.4559601375436
3119.4559601375436
3119.4559601375436
3119.4559601375436
3119.4559601375436
3119.4559601375436
3116.0430864421396
3116.0430864421396
3116.0430864421396
3116.0430864421396
3116.0430864421396
3116.0430864421396
3116.0430864421396
3116.0430864421396
3116.0430864421396
3116.0430864421396
3185.485578550581
3185.485578550581
3185.485578550581
3185.485578550581
3185.485578550581
3185.485578550581
3185.485578550581
3185.485578550581
3185.485578550581
3185.485578550581
3019.6425975121715
3019.6425975121715
3019.6425975121715
3019.6425975121715
3019.6425975121715
3019.6425975121715
3019.6425975121715
3019.6425975121715
3019.6425975121715
3019.6425975121715
2987.1908800638653
2987.1908800638653
2987.1908800638653
2987.1908800638653
2987.1908800638653
2987.1908800638653
2987.1908800638653
2987.1908800638653
2987.1908800638653
2987.1908800638653
3146.3133306304826
3146.3133306304826
3146.3133306304826
3146.3133306304826
3146.3133306304826
3146.3133306304826
3146.3133306304826
3146.3133306304826
3146.3133306304826
3146.3133306304826
3128.6703361126706
3128.6703361126706
3128.6703361126706
3128.6703361126706
3128.6703361126706
3128.6703361126706
3128.6703361126706
3128.6703361126706
3128.6703361126706
3128.6703361126706
3089.612632084727
3089.612632084727
3089.612632084727
3089.612632084727
3089.612632084727
3089.612632084727
3089.612632084727
3089.612632084727
3089.612632084727
3089.612632084727
3066.91610651898
3066.91610651898
3066.91610651898
3066.91610651898
3066.91610651898
3066.91610651898
3066.91610651898
3066.91610651898
3066.91610651898
3066.91610651898
3080.4905369908797
3080.4905369908797
3080.4905369908797
3080.4905369908797
3080.4905369908797
3080.4905369908797
3080.4905369908797
3080.4905369908797
3080.4905369908797
3080.4905369908797
3084.3643218394823
3084.3643218394823
3084.3643218394823
3084.3643218394823
3084.3643218394823
3084.3643218394823
3084.3643218394823
3084.3643218394823
3084.3643218394823
3084.3643218394823
3141.6499461277926
3141.6499461277926
3141.6499461277926
3141.6499461277926
3141.6499461277926
3141.6499461277926
3141.6499461277926
3141.6499461277926
3141.6499461277926
3141.6499461277926
3071.5976114865907
3071.5976114865907
3071.5976114865907
3071.5976114865907
3071.5976114865907
3071.5976114865907
3071.5976114865907
3071.5976114865907
3071.5976114865907
3071.5976114865907
3135.7377776131048
3135.7377776131048
3135.7377776131048
3135.7377776131048
3135.7377776131048
3135.7377776131048
3135.7377776131048
3135.7377776131048
3135.7377776131048
3135.7377776131048
3206.410811443789
3206.410811443789
3206.410811443789
3206.410811443789
3206.410811443789
3206.410811443789
3206.410811443789
3206.410811443789
3206.410811443789
3206.410811443789
2991.851569994209
2991.851569994209
2991.851569994209
2991.851569994209
2991.851569994209
2991.851569994209
2991.851569994209
2991.851569994209
2991.851569994209
2991.851569994209
3112.997675204508
3112.997675204508
3112.997675204508
3112.997675204508
3112.997675204508
3112.997675204508
3112.997675204508
3112.997675204508
3112.997675204508
3112.997675204508
3021.394356507197
3021.394356507197
3021.394356507197
3021.394356507197
3021.394356507197
3021.394356507197
3021.394356507197
3021.394356507197
3021.394356507197
3021.394356507197
3016.890424748495
3016.890424748495
3016.890424748495
3016.890424748495
3016.890424748495
3016.890424748495
3016.890424748495
3016.890424748495
3016.890424748495
3016.890424748495
3056.4811084684397
3056.4811084684397
3056.4811084684397
3056.4811084684397
3056.4811084684397
3056.4811084684397
3056.4811084684397
3056.4811084684397
3056.4811084684397
3056.4811084684397
3080.3962557710447
3080.3962557710447
3080.3962557710447
3080.3962557710447
3080.3962557710447
3080.3962557710447
3080.3962557710447
3080.3962557710447
3080.3962557710447
3080.3962557710447
3196.283907728694
3196.283907728694
3196.283907728694
3196.283907728694
3196.283907728694
3196.283907728694
3196.283907728694
3196.283907728694
3196.283907728694
3196.283907728694
3199.402619188051
3199.402619188051
3199.402619188051
3199.402619188051
3199.402619188051
3199.402619188051
3199.402619188051
3199.402619188051
3199.402619188051
3199.402619188051
3128.133986745326
3128.133986745326
3128.133986745326
3128.133986745326
3128.133986745326
3128.133986745326
3128.133986745326
3128.133986745326
3128.133986745326
3128.133986745326
3122.756598037331
3122.756598037331
3122.756598037331
3122.756598037331
3122.756598037331
3122.756598037331
3122.756598037331
3122.756598037331
3122.756598037331
3122.756598037331
3086.0669517120064
3086.0669517120064
3086.0669517120064
3086.0669517120064
3086.0669517120064
3086.0669517120064
3086.0669517120064
3086.0669517120064
3086.0669517120064
3086.0669517120064
3082.4988886507376
3082.4988886507376
3082.4988886507376
3082.4988886507376
3082.4988886507376
3082.4988886507376
3082.4988886507376
3082.4988886507376
3082.4988886507376
3082.4988886507376
3199.697870454525
3199.697870454525
3199.697870454525
3199.697870454525
3199.697870454525
3199.697870454525
3199.697870454525
3199.697870454525
3199.697870454525
3199.697870454525
3055.6153336564703
3055.6153336564703
3055.6153336564703
3055.6153336564703
3055.6153336564703
3055.6153336564703
3055.6153336564703
3055.6153336564703
3055.6153336564703
3055.6153336564703
3246.010715609238
3246.010715609238
3246.010715609238
3246.010715609238
3246.010715609238
3246.010715609238
3246.010715609238
3246.010715609238
3246.010715609238
3246.010715609238
3255.178162317208
3255.178162317208
3255.178162317208
3255.178162317208
3255.178162317208
3255.178162317208
3255.178162317208
3255.178162317208
3255.178162317208
3255.178162317208
3269.107085316204
3269.107085316204
3269.107085316204
3269.107085316204
3269.107085316204
3269.107085316204
3269.107085316204
3269.107085316204
3269.107085316204
3269.107085316204
3158.188079957067
3158.188079957067
3158.188079957067
3158.188079957067
3158.188079957067
3158.188079957067
3158.188079957067
3158.188079957067
3158.188079957067
3158.188079957067
3233.640882001441
3233.640882001441
3233.640882001441
3233.640882001441
3233.640882001441
3233.640882001441
3233.640882001441
3233.640882001441
3233.640882001441
3233.640882001441
3165.16861816902
3165.16861816902
3165.16861816902
3165.16861816902
3165.16861816902
3165.16861816902
3165.16861816902
3165.16861816902
3165.16861816902
3165.16861816902
3190.778633596798
3190.778633596798
3190.778633596798
3190.778633596798
3190.778633596798
3190.778633596798
3190.778633596798
3190.778633596798
3190.778633596798
3190.778633596798
3198.866715231592
3198.866715231592
3198.866715231592
3198.866715231592
3198.866715231592
3198.866715231592
3198.866715231592
3198.866715231592
3198.866715231592
3198.866715231592
3242.745298776112
3242.745298776112
3242.745298776112
3242.745298776112
3242.745298776112
3242.745298776112
3242.745298776112
3242.745298776112
3242.745298776112
3242.745298776112
3212.1082351097994
3212.1082351097994
3212.1082351097994
3212.1082351097994
3212.1082351097994
3212.1082351097994
3212.1082351097994
3212.1082351097994
3212.1082351097994
3212.1082351097994
3154.784995919018
3154.784995919018
3154.784995919018
3154.784995919018
3154.784995919018
3154.784995919018
3154.784995919018
3154.784995919018
3154.784995919018
3154.784995919018
3140.1328059029615
3140.1328059029615
3140.1328059029615
3140.1328059029615
3140.1328059029615
3140.1328059029615
3140.1328059029615
3140.1328059029615
3140.1328059029615
3140.1328059029615
3189.1871540141365
3189.1871540141365
3189.1871540141365
3189.1871540141365
3189.1871540141365
3189.1871540141365
3189.1871540141365
3189.1871540141365
3189.1871540141365
3189.1871540141365
3246.5302726222244
3246.5302726222244
3246.5302726222244
3246.5302726222244
3246.5302726222244
3246.5302726222244
3246.5302726222244
3246.5302726222244
3246.5302726222244
3246.5302726222244
3332.321921028866
3332.321921028866
3332.321921028866
3332.321921028866
3332.321921028866
3332.321921028866
3332.321921028866
3332.321921028866
3332.321921028866
3332.321921028866
3255.1561671395075
3255.1561671395075
3255.1561671395075
3255.1561671395075
3255.1561671395075
3255.1561671395075
3255.1561671395075
3255.1561671395075
3255.1561671395075
3255.1561671395075
3296.7940328314185
3296.7940328314185
3296.7940328314185
3296.7940328314185
3296.7940328314185
3296.7940328314185
3296.7940328314185
3296.7940328314185
3296.7940328314185
3296.7940328314185
3168.874153251904
3168.874153251904
3168.874153251904
3168.874153251904
3168.874153251904
3168.874153251904
3168.874153251904
3168.874153251904
3168.874153251904
3168.874153251904
3279.3880368638565
3279.3880368638565
3279.3880368638565
3279.3880368638565
3279.3880368638565
3279.3880368638565
3279.3880368638565
3279.3880368638565
3279.3880368638565
3279.3880368638565
3230.6687526947494
3230.6687526947494
3230.6687526947494
3230.6687526947494
3230.6687526947494
3230.6687526947494
3230.6687526947494
3230.6687526947494
3230.6687526947494
3230.6687526947494
3168.912288549592
3168.912288549592
3168.912288549592
3168.912288549592
3168.912288549592
3168.912288549592
3168.912288549592
3168.912288549592
3168.912288549592
3168.912288549592
3304.2916293543226
3304.2916293543226
3304.2916293543226
3304.2916293543226
3304.2916293543226
3304.2916293543226
3304.2916293543226
3304.2916293543226
3304.2916293543226
3304.2916293543226
3216.7060744976434
3216.7060744976434
3216.7060744976434
3216.7060744976434
3216.7060744976434
3216.7060744976434
3216.7060744976434
3216.7060744976434
3216.7060744976434
3216.7060744976434
3227.871550415888
3227.871550415888
3227.871550415888
3227.871550415888
3227.871550415888
3227.871550415888
3227.871550415888
3227.871550415888
3227.871550415888
3227.871550415888
3340.317413360917
3340.317413360917
3340.317413360917
3340.317413360917
3340.317413360917
3340.317413360917
3340.317413360917
3340.317413360917
3340.317413360917
3340.317413360917
3232.5433650163054
3232.5433650163054
3232.5433650163054
3232.5433650163054
3232.5433650163054
3232.5433650163054
3232.5433650163054
3232.5433650163054
3232.5433650163054
3232.5433650163054
3195.237321211673
3195.237321211673
3195.237321211673
3195.237321211673
3195.237321211673
3195.237321211673
3195.237321211673
3195.237321211673
3195.237321211673
3195.237321211673
3162.2033858254213
3162.2033858254213
3162.2033858254213
3162.2033858254213
3162.2033858254213
3162.2033858254213
3162.2033858254213
3162.2033858254213
3162.2033858254213
3162.2033858254213
3181.272193761349
3181.272193761349
3181.272193761349
3181.272193761349
3181.272193761349
3181.272193761349
3181.272193761349
3181.272193761349
3181.272193761349
3181.272193761349
3211.728756646628
3211.728756646628
3211.728756646628
3211.728756646628
3211.728756646628
3211.728756646628
3211.728756646628
3211.728756646628
3211.728756646628
3211.728756646628
3245.634652044715
3245.634652044715
3245.634652044715
3245.634652044715
3245.634652044715
3245.634652044715
3245.634652044715
3245.634652044715
3245.634652044715
3245.634652044715
3273.7018460526774
3273.7018460526774
3273.7018460526774
3273.7018460526774
3273.7018460526774
3273.7018460526774
3273.7018460526774
3273.7018460526774
3273.7018460526774
3273.7018460526774
3309.1746804320314
3309.1746804320314
3309.1746804320314
3309.1746804320314
3309.1746804320314
3309.1746804320314
3309.1746804320314
3309.1746804320314
3309.1746804320314
3309.1746804320314
3258.515557524204
3258.515557524204
3258.515557524204
3258.515557524204
3258.515557524204
3258.515557524204
3258.515557524204
3258.515557524204
3258.515557524204
3258.515557524204
3205.6718833946275
3205.6718833946275
3205.6718833946275
3205.6718833946275
3205.6718833946275
3205.6718833946275
3205.6718833946275
3205.6718833946275
3205.6718833946275
3205.6718833946275
3180.023782460221
3180.023782460221
3180.023782460221
3180.023782460221
3180.023782460221
3180.023782460221
3180.023782460221
3180.023782460221
3180.023782460221
3180.023782460221
3235.7181277013256
3235.7181277013256
3235.7181277013256
3235.7181277013256
3235.7181277013256
3235.7181277013256
3235.7181277013256
3235.7181277013256
3235.7181277013256
3235.7181277013256
3199.8043124116143
3199.8043124116143
3199.8043124116143
3199.8043124116143
3199.8043124116143
3199.8043124116143
3199.8043124116143
3199.8043124116143
3199.8043124116143
3199.8043124116143
3181.5076144623877
3181.5076144623877
3181.5076144623877
3181.5076144623877
3181.5076144623877
3181.5076144623877
3181.5076144623877
3181.5076144623877
3181.5076144623877
3181.5076144623877
3241.6252542758234
3241.6252542758234
3241.6252542758234
3241.6252542758234
3241.6252542758234
3241.6252542758234
3241.6252542758234
3241.6252542758234
3241.6252542758234
3241.6252542758234
3284.7536495054637
3284.7536495054637
3284.7536495054637
3284.7536495054637
3284.7536495054637
3284.7536495054637
3284.7536495054637
3284.7536495054637
3284.7536495054637
3284.7536495054637
3319.779642901687
3319.779642901687
3319.779642901687
3319.779642901687
3319.779642901687
3319.779642901687
3319.779642901687
3319.779642901687
3319.779642901687
3319.779642901687
3366.8879115543336
3366.8879115543336
3366.8879115543336
3366.8879115543336
3366.8879115543336
3366.8879115543336
3366.8879115543336
3366.8879115543336
3366.8879115543336
3366.8879115543336
3221.6876321521986
3221.6876321521986
3221.6876321521986
3221.6876321521986
3221.6876321521986
3221.6876321521986
3221.6876321521986
3221.6876321521986
3221.6876321521986
3221.6876321521986
3357.1152321875247
3357.1152321875247
3357.1152321875247
3357.1152321875247
3357.1152321875247
3357.1152321875247
3357.1152321875247
3357.1152321875247
3357.1152321875247
3357.1152321875247
3215.4248184730213
3215.4248184730213
3215.4248184730213
3215.4248184730213
3215.4248184730213
3215.4248184730213
3215.4248184730213
3215.4248184730213
3215.4248184730213
3215.4248184730213
3359.1680870698615
3359.1680870698615
3359.1680870698615
3359.1680870698615
3359.1680870698615
3359.1680870698615
3359.1680870698615
3359.1680870698615
3359.1680870698615
3359.1680870698615
3325.503418088921
3325.503418088921
3325.503418088921
3325.503418088921
3325.503418088921
3325.503418088921
3325.503418088921
3325.503418088921
3325.503418088921
3325.503418088921
3268.9258596236277
3268.9258596236277
3268.9258596236277
3268.9258596236277
3268.9258596236277
3268.9258596236277
3268.9258596236277
3268.9258596236277
3268.9258596236277
3268.9258596236277
3307.678265410751
3307.678265410751
3307.678265410751
3307.678265410751
3307.678265410751
3307.678265410751
3307.678265410751
3307.678265410751
3307.678265410751
3307.678265410751
3286.2542796574803
3286.2542796574803
3286.2542796574803
3286.2542796574803
3286.2542796574803
3286.2542796574803
3286.2542796574803
3286.2542796574803
3286.2542796574803
3286.2542796574803
3297.3636762433357
3297.3636762433357
3297.3636762433357
3297.3636762433357
3297.3636762433357
3297.3636762433357
3297.3636762433357
3297.3636762433357
3297.3636762433357
3297.3636762433357
3345.3884679500497
3345.3884679500497
3345.3884679500497
3345.3884679500497
3345.3884679500497
3345.3884679500497
3345.3884679500497
3345.3884679500497
3345.3884679500497
3345.3884679500497
3348.944400879374
3348.944400879374
3348.944400879374
3348.944400879374
3348.944400879374
3348.944400879374
3348.944400879374
3348.944400879374
3348.944400879374
3348.944400879374
3248.9771111573164
3248.9771111573164
3248.9771111573164
3248.9771111573164
3248.9771111573164
3248.9771111573164
3248.9771111573164
3248.9771111573164
3248.9771111573164
3248.9771111573164
3318.6751753354
3318.6751753354
3318.6751753354
3318.6751753354
3318.6751753354
3318.6751753354
3318.6751753354
3318.6751753354
3318.6751753354
3318.6751753354
3320.423634415232
3320.423634415232
3320.423634415232
3320.423634415232
3320.423634415232
3320.423634415232
3320.423634415232
3320.423634415232
3320.423634415232
3320.423634415232
3375.171641723548
3375.171641723548
3375.171641723548
3375.171641723548
3375.171641723548
3375.171641723548
3375.171641723548
3375.171641723548
3375.171641723548
3375.171641723548
3287.0808861343417
3287.0808861343417
3287.0808861343417
3287.0808861343417
3287.0808861343417
3287.0808861343417
3287.0808861343417
3287.0808861343417
3287.0808861343417
3287.0808861343417
3267.3005700971185
3267.3005700971185
3267.3005700971185
3267.3005700971185
3267.3005700971185
3267.3005700971185
3267.3005700971185
3267.3005700971185
3267.3005700971185
3267.3005700971185
3210.9352004307166
3210.9352004307166
3210.9352004307166
3210.9352004307166
3210.9352004307166
3210.9352004307166
3210.9352004307166
3210.9352004307166
3210.9352004307166
3210.9352004307166
3388.0531681043367
3388.0531681043367
3388.0531681043367
3388.0531681043367
3388.0531681043367
3388.0531681043367
3388.0531681043367
3388.0531681043367
3388.0531681043367
3388.0531681043367
3206.8772083256995
3206.8772083256995
3206.8772083256995
3206.8772083256995
3206.8772083256995
3206.8772083256995
3206.8772083256995
3206.8772083256995
3206.8772083256995
3206.8772083256995
3336.42962548749
3336.42962548749
3336.42962548749
3336.42962548749
3336.42962548749
3336.42962548749
3336.42962548749
3336.42962548749
3336.42962548749
3336.42962548749
3319.841063834765
3319.841063834765
3319.841063834765
3319.841063834765
3319.841063834765
3319.841063834765
3319.841063834765
3319.841063834765
3319.841063834765
3319.841063834765
3345.0446101822295
3345.0446101822295
3345.0446101822295
3345.0446101822295
3345.0446101822295
3345.0446101822295
3345.0446101822295
3345.0446101822295
3345.0446101822295
3345.0446101822295
3273.786089929951
3273.786089929951
3273.786089929951
3273.786089929951
3273.786089929951
3273.786089929951
3273.786089929951
3273.786089929951
3273.786089929951
3273.786089929951
3234.080205181806
3234.080205181806
3234.080205181806
3234.080205181806
3234.080205181806
3234.080205181806
3234.080205181806
3234.080205181806
3234.080205181806
3234.080205181806
3254.3157633973387
3254.3157633973387
3254.3157633973387
3254.3157633973387
3254.3157633973387
3254.3157633973387
3254.3157633973387
3254.3157633973387
3254.3157633973387
3254.3157633973387
3337.3311759458834
3337.3311759458834
3337.3311759458834
3337.3311759458834
3337.3311759458834
3337.3311759458834
3337.3311759458834
3337.3311759458834
3337.3311759458834
3337.3311759458834
3328.8639662084156
3328.8639662084156
3328.8639662084156
3328.8639662084156
3328.8639662084156
3328.8639662084156
3328.8639662084156
3328.8639662084156
3328.8639662084156
3328.8639662084156
3255.600743646028
3255.600743646028
3255.600743646028
3255.600743646028
3255.600743646028
3255.600743646028
3255.600743646028
3255.600743646028
3255.600743646028
3255.600743646028
3308.499361499407
3308.499361499407
3308.499361499407
3308.499361499407
3308.499361499407
3308.499361499407
3308.499361499407
3308.499361499407
3308.499361499407
3308.499361499407
3398.7406025995742
3398.7406025995742
3398.7406025995742
3398.7406025995742
3398.7406025995742
3398.7406025995742
3398.7406025995742
3398.7406025995742
3398.7406025995742
3398.7406025995742
3315.217997893401
3315.217997893401
3315.217997893401
3315.217997893401
3315.217997893401
3315.217997893401
3315.217997893401
3315.217997893401
3315.217997893401
3315.217997893401
3295.172290831881
3295.172290831881
3295.172290831881
3295.172290831881
3295.172290831881
3295.172290831881
3295.172290831881
3295.172290831881
3295.172290831881
3295.172290831881
3334.3749210873366
3334.3749210873366
3334.3749210873366
3334.3749210873366
3334.3749210873366
3334.3749210873366
3334.3749210873366
3334.3749210873366
3334.3749210873366
3334.3749210873366
3280.1916485466954
3280.1916485466954
3280.1916485466954
3280.1916485466954
3280.1916485466954
3280.1916485466954
3280.1916485466954
3280.1916485466954
3280.1916485466954
3280.1916485466954
3310.8565492368707
3310.8565492368707
3310.8565492368707
3310.8565492368707
3310.8565492368707
3310.8565492368707
3310.8565492368707
3310.8565492368707
3310.8565492368707
3310.8565492368707
3332.143861345127
3332.143861345127
3332.143861345127
3332.143861345127
3332.143861345127
3332.143861345127
3332.143861345127
3332.143861345127
3332.143861345127
3332.143861345127
3218.810882026904
3218.810882026904
3218.810882026904
3218.810882026904
3218.810882026904
3218.810882026904
3218.810882026904
3218.810882026904
3218.810882026904
3218.810882026904
3267.9593396680543
3267.9593396680543
3267.9593396680543
3267.9593396680543
3267.9593396680543
3267.9593396680543
3267.9593396680543
3267.9593396680543
3267.9593396680543
3267.9593396680543
3311.992271268735
3311.992271268735
3311.992271268735
3311.992271268735
3311.992271268735
3311.992271268735
3311.992271268735
3311.992271268735
3311.992271268735
3311.992271268735
3304.497948699736
3304.497948699736
3304.497948699736
3304.497948699736
3304.497948699736
3304.497948699736
3304.497948699736
3304.497948699736
3304.497948699736
3304.497948699736
3307.393731793825
3307.393731793825
3307.393731793825
3307.393731793825
3307.393731793825
3307.393731793825
3307.393731793825
3307.393731793825
3307.393731793825
3307.393731793825
3381.517682619955
3381.517682619955
3381.517682619955
3381.517682619955
3381.517682619955
3381.517682619955
3381.517682619955
3381.517682619955
3381.517682619955
3381.517682619955
3371.094285608982
3371.094285608982
3371.094285608982
3371.094285608982
3371.094285608982
3371.094285608982
3371.094285608982
3371.094285608982
3371.094285608982
3371.094285608982
3167.5474302777798
3167.5474302777798
3167.5474302777798
3167.5474302777798
3167.5474302777798
3167.5474302777798
3167.5474302777798
3167.5474302777798
3167.5474302777798
3167.5474302777798
3393.867728208878
3393.867728208878
3393.867728208878
3393.867728208878
3393.867728208878
3393.867728208878
3393.867728208878
3393.867728208878
3393.867728208878
3393.867728208878
3345.67771433969
3345.67771433969
3345.67771433969
3345.67771433969
3345.67771433969
3345.67771433969
3345.67771433969
3345.67771433969
3345.67771433969
3345.67771433969
3306.532193791316
3306.532193791316
3306.532193791316
3306.532193791316
3306.532193791316
3306.532193791316
3306.532193791316
3306.532193791316
3306.532193791316
3306.532193791316
3284.7925393511305
3284.7925393511305
3284.7925393511305
3284.7925393511305
3284.7925393511305
3284.7925393511305
3284.7925393511305
3284.7925393511305
3284.7925393511305
3284.7925393511305
3353.2515238243464
3353.2515238243464
3353.2515238243464
3353.2515238243464
3353.2515238243464
3353.2515238243464
3353.2515238243464
3353.2515238243464
3353.2515238243464
3353.2515238243464
3432.5168349096757
3432.5168349096757
3432.5168349096757
3432.5168349096757
3432.5168349096757
3432.5168349096757
3432.5168349096757
3432.5168349096757
3432.5168349096757
3432.5168349096757
3342.567674703709
3342.567674703709
3342.567674703709
3342.567674703709
3342.567674703709
3342.567674703709
3342.567674703709
3342.567674703709
3342.567674703709
3342.567674703709
3277.1043869045534
3277.1043869045534
3277.1043869045534
3277.1043869045534
3277.1043869045534
3277.1043869045534
3277.1043869045534
3277.1043869045534
3277.1043869045534
3277.1043869045534
3306.2933535696434
3306.2933535696434
3306.2933535696434
3306.2933535696434
3306.2933535696434
3306.2933535696434
3306.2933535696434
3306.2933535696434
3306.2933535696434
3306.2933535696434
3354.9423644934577
3354.9423644934577
3354.9423644934577
3354.9423644934577
3354.9423644934577
3354.9423644934577
3354.9423644934577
3354.9423644934577
3354.9423644934577
3354.9423644934577
3251.1733198735133
3251.1733198735133
3251.1733198735133
3251.1733198735133
3251.1733198735133
3251.1733198735133
3251.1733198735133
3251.1733198735133
3251.1733198735133
3251.1733198735133
3353.914011909551
3353.914011909551
3353.914011909551
3353.914011909551
3353.914011909551
3353.914011909551
3353.914011909551
3353.914011909551
3353.914011909551
3353.914011909551
3255.918194479004
3255.918194479004
3255.918194479004
3255.918194479004
3255.918194479004
3255.918194479004
3255.918194479004
3255.918194479004
3255.918194479004
3255.918194479004
3261.082175760526
3261.082175760526
3261.082175760526
3261.082175760526
3261.082175760526
3261.082175760526
3261.082175760526
3261.082175760526
3261.082175760526
3261.082175760526
3321.0738053304403
3321.0738053304403
3321.0738053304403
3321.0738053304403
3321.0738053304403
3321.0738053304403
3321.0738053304403
3321.0738053304403
3321.0738053304403
3321.0738053304403
3281.993476399058
3281.993476399058
3281.993476399058
3281.993476399058
3281.993476399058
3281.993476399058
3281.993476399058
3281.993476399058
3281.993476399058
3281.993476399058
3237.7591013256756
3237.7591013256756
3237.7591013256756
3237.7591013256756
3237.7591013256756
3237.7591013256756
3237.7591013256756
3237.7591013256756
3237.7591013256756
3237.7591013256756
3290.8336004516814
3290.8336004516814
3290.8336004516814
3290.8336004516814
3290.8336004516814
3290.8336004516814
3290.8336004516814
3290.8336004516814
3290.8336004516814
3290.8336004516814
3442.9191821378286
3442.9191821378286
3442.9191821378286
3442.9191821378286
3442.9191821378286
3442.9191821378286
3442.9191821378286
3442.9191821378286
3442.9191821378286
3442.9191821378286
3380.1241773797274
3380.1241773797274
3380.1241773797274
3380.1241773797274
3380.1241773797274
3380.1241773797274
3380.1241773797274
3380.1241773797274
3380.1241773797274
3380.1241773797274
3311.7392524818274
3311.7392524818274
3311.7392524818274
3311.7392524818274
3311.7392524818274
3311.7392524818274
3311.7392524818274
3311.7392524818274
3311.7392524818274
3311.7392524818274
3356.142415718228
3356.142415718228
3356.142415718228
3356.142415718228
3356.142415718228
3356.142415718228
3356.142415718228
3356.142415718228
3356.142415718228
3356.142415718228
3287.4454454902248
3287.4454454902248
3287.4454454902248
3287.4454454902248
3287.4454454902248
3287.4454454902248
3287.4454454902248
3287.4454454902248
3287.4454454902248
3287.4454454902248
3385.9425130047025
3385.9425130047025
3385.9425130047025
3385.9425130047025
3385.9425130047025
3385.9425130047025
3385.9425130047025
3385.9425130047025
3385.9425130047025
3385.9425130047025
3295.4507395945384
3295.4507395945384
3295.4507395945384
3295.4507395945384
3295.4507395945384
3295.4507395945384
3295.4507395945384
3295.4507395945384
3295.4507395945384
3295.4507395945384
3310.1192956677737
3310.1192956677737
3310.1192956677737
3310.1192956677737
3310.1192956677737
3310.1192956677737
3310.1192956677737
3310.1192956677737
3310.1192956677737
3310.1192956677737
3395.0248306248413
3395.0248306248413
3395.0248306248413
3395.0248306248413
3395.0248306248413
3395.0248306248413
3395.0248306248413
3395.0248306248413
3395.0248306248413
3395.0248306248413
3348.8967980888488
3348.8967980888488
3348.8967980888488
3348.8967980888488
3348.8967980888488
3348.8967980888488
3348.8967980888488
3348.8967980888488
3348.8967980888488
3348.8967980888488
3399.7934898841604
3399.7934898841604
3399.7934898841604
3399.7934898841604
3399.7934898841604
3399.7934898841604
3399.7934898841604
3399.7934898841604
3399.7934898841604
3399.7934898841604
3254.8421540690465
3254.8421540690465
3254.8421540690465
3254.8421540690465
3254.8421540690465
3254.8421540690465
3254.8421540690465
3254.8421540690465
3254.8421540690465
3254.8421540690465
3253.394502357208
3253.394502357208
3253.394502357208
3253.394502357208
3253.394502357208
3253.394502357208
3253.394502357208
3253.394502357208
3253.394502357208
3253.394502357208
3267.0486239981483
3267.0486239981483
3267.0486239981483
3267.0486239981483
3267.0486239981483
3267.0486239981483
3267.0486239981483
3267.0486239981483
3267.0486239981483
3267.0486239981483
3329.97017198495
3329.97017198495
3329.97017198495
3329.97017198495
3329.97017198495
3329.97017198495
3329.97017198495
3329.97017198495
3329.97017198495
3329.97017198495
3326.8879247293517
3326.8879247293517
3326.8879247293517
3326.8879247293517
3326.8879247293517
3326.8879247293517
3326.8879247293517
3326.8879247293517
3326.8879247293517
3326.8879247293517
3276.038286230176
3276.038286230176
3276.038286230176
3276.038286230176
3276.038286230176
3276.038286230176
3276.038286230176
3276.038286230176
3276.038286230176
3276.038286230176
3353.5679064654096
3353.5679064654096
3353.5679064654096
3353.5679064654096
3353.5679064654096
3353.5679064654096
3353.5679064654096
3353.5679064654096
3353.5679064654096
3353.5679064654096
3194.029673157676
3194.029673157676
3194.029673157676
3194.029673157676
3194.029673157676
3194.029673157676
3194.029673157676
3194.029673157676
3194.029673157676
3194.029673157676
3289.8716404178326
3289.8716404178326
3289.8716404178326
3289.8716404178326
3289.8716404178326
3289.8716404178326
3289.8716404178326
3289.8716404178326
3289.8716404178326
3289.8716404178326
3390.0474150962937
3390.0474150962937
3390.0474150962937
3390.0474150962937
3390.0474150962937
3390.0474150962937
3390.0474150962937
3390.0474150962937
3390.0474150962937
3390.0474150962937
3285.7106932085353
3285.7106932085353
3285.7106932085353
3285.7106932085353
3285.7106932085353
3285.7106932085353
3285.7106932085353
3285.7106932085353
3285.7106932085353
3285.7106932085353
3214.089184600244
3214.089184600244
3214.089184600244
3214.089184600244
3214.089184600244
3214.089184600244
3214.089184600244
3214.089184600244
3214.089184600244
3214.089184600244
3347.7108843790234
3347.7108843790234
3347.7108843790234
3347.7108843790234
3347.7108843790234
3347.7108843790234
3347.7108843790234
3347.7108843790234
3347.7108843790234
3347.7108843790234
3354.1839825028073
3354.1839825028073
3354.1839825028073
3354.1839825028073
3354.1839825028073
3354.1839825028073
3354.1839825028073
3354.1839825028073
3354.1839825028073
3354.1839825028073
3304.6767115257126
3304.6767115257126
3304.6767115257126
3304.6767115257126
3304.6767115257126
3304.6767115257126
3304.6767115257126
3304.6767115257126
3304.6767115257126
3304.6767115257126
3383.9403821405826
3383.9403821405826
3383.9403821405826
3383.9403821405826
3383.9403821405826
3383.9403821405826
3383.9403821405826
3383.9403821405826
3383.9403821405826
3383.9403821405826
3357.2218130520123
3357.2218130520123
3357.2218130520123
3357.2218130520123
3357.2218130520123
3357.2218130520123
3357.2218130520123
3357.2218130520123
3357.2218130520123
3357.2218130520123
3280.495032569427
3280.495032569427
3280.495032569427
3280.495032569427
3280.495032569427
3280.495032569427
3280.495032569427
3280.495032569427
3280.495032569427
3280.495032569427
3376.4503513453164
3376.4503513453164
3376.4503513453164
3376.4503513453164
3376.4503513453164
3376.4503513453164
3376.4503513453164
3376.4503513453164
3376.4503513453164
3376.4503513453164
3390.056993128429
3390.056993128429
3390.056993128429
3390.056993128429
3390.056993128429
3390.056993128429
3390.056993128429
3390.056993128429
3390.056993128429
3390.056993128429
3357.008279310585
3357.008279310585
3357.008279310585
3357.008279310585
3357.008279310585
3357.008279310585
3357.008279310585
3357.008279310585
3357.008279310585
3357.008279310585
3394.262612650328
3394.262612650328
3394.262612650328
3394.262612650328
3394.262612650328
3394.262612650328
3394.262612650328
3394.262612650328
3394.262612650328
3394.262612650328
3233.58775076317
3233.58775076317
3233.58775076317
3233.58775076317
3233.58775076317
3233.58775076317
3233.58775076317
3233.58775076317
3233.58775076317
3233.58775076317
3296.669529021463
3296.669529021463
3296.669529021463
3296.669529021463
3296.669529021463
3296.669529021463
3296.669529021463
3296.669529021463
3296.669529021463
3296.669529021463
3347.602798118759
3347.602798118759
3347.602798118759
3347.602798118759
3347.602798118759
3347.602798118759
3347.602798118759
3347.602798118759
3347.602798118759
3347.602798118759
3291.116040006963
3291.116040006963
3291.116040006963
3291.116040006963
3291.116040006963
3291.116040006963
3291.116040006963
3291.116040006963
3291.116040006963
3291.116040006963
3300.0876576535697
3300.0876576535697
3300.0876576535697
3300.0876576535697
3300.0876576535697
3300.0876576535697
3300.0876576535697
3300.0876576535697
3300.0876576535697
3300.0876576535697
3355.962059963225
3355.962059963225
3355.962059963225
3355.962059963225
3355.962059963225
3355.962059963225
3355.962059963225
3355.962059963225
3355.962059963225
3355.962059963225
3398.14013649897
3398.14013649897
3398.14013649897
3398.14013649897
3398.14013649897
3398.14013649897
3398.14013649897
3398.14013649897
3398.14013649897
3398.14013649897
3350.9911907530213
3350.9911907530213
3350.9911907530213
3350.9911907530213
3350.9911907530213
3350.9911907530213
3350.9911907530213
3350.9911907530213
3350.9911907530213
3350.9911907530213
3357.2822407348867
3357.2822407348867
3357.2822407348867
3357.2822407348867
3357.2822407348867
3357.2822407348867
3357.2822407348867
3357.2822407348867
3357.2822407348867
3357.2822407348867
3328.992226261235
3328.992226261235
3328.992226261235
3328.992226261235
3328.992226261235
3328.992226261235
3328.992226261235
3328.992226261235
3328.992226261235
3328.992226261235
3336.575931467652
3336.575931467652
3336.575931467652
3336.575931467652
3336.575931467652
3336.575931467652
3336.575931467652
3336.575931467652
3336.575931467652
3336.575931467652
3371.227167962761
3371.227167962761
3371.227167962761
3371.227167962761
3371.227167962761
3371.227167962761
3371.227167962761
3371.227167962761
3371.227167962761
3371.227167962761
3332.573481693189
3332.573481693189
3332.573481693189
3332.573481693189
3332.573481693189
3332.573481693189
3332.573481693189
3332.573481693189
3332.573481693189
3332.573481693189
3355.458946258947
3355.458946258947
3355.458946258947
3355.458946258947
3355.458946258947
3355.458946258947
3355.458946258947
3355.458946258947
3355.458946258947
3355.458946258947
3293.166789984033
3293.166789984033
3293.166789984033
3293.166789984033
3293.166789984033
3293.166789984033
3293.166789984033
3293.166789984033
3293.166789984033
3293.166789984033
3407.2152584401388
3407.2152584401388
3407.2152584401388
3407.2152584401388
3407.2152584401388
3407.2152584401388
3407.2152584401388
3407.2152584401388
3407.2152584401388
3407.2152584401388
3383.1522014226402
3383.1522014226402
3383.1522014226402
3383.1522014226402
3383.1522014226402
3383.1522014226402
3383.1522014226402
3383.1522014226402
3383.1522014226402
3383.1522014226402
3325.4917809061994
3325.4917809061994
3325.4917809061994
3325.4917809061994
3325.4917809061994
3325.4917809061994
3325.4917809061994
3325.4917809061994
3325.4917809061994
3325.4917809061994
3417.413013243343
3417.413013243343
3417.413013243343
3417.413013243343
3417.413013243343
3417.413013243343
3417.413013243343
3417.413013243343
3417.413013243343
3417.413013243343
3386.111903755922
3386.111903755922
3386.111903755922
3386.111903755922
3386.111903755922
3386.111903755922
3386.111903755922
3386.111903755922
3386.111903755922
3386.111903755922
3352.2860584084583
3352.2860584084583
3352.2860584084583
3352.2860584084583
3352.2860584084583
3352.2860584084583
3352.2860584084583
3352.2860584084583
3352.2860584084583
3352.2860584084583
3413.947241066572
3413.947241066572
3413.947241066572
3413.947241066572
3413.947241066572
3413.947241066572
3413.947241066572
3413.947241066572
3413.947241066572
3413.947241066572
3451.5254371254277
3451.5254371254277
3451.5254371254277
3451.5254371254277
3451.5254371254277
3451.5254371254277
3451.5254371254277
3451.5254371254277
3451.5254371254277
3451.5254371254277
3292.195158161134
3292.195158161134
3292.195158161134
3292.195158161134
3292.195158161134
3292.195158161134
3292.195158161134
3292.195158161134
3292.195158161134
3292.195158161134
3420.218288774553
3420.218288774553
3420.218288774553
3420.218288774553
3420.218288774553
3420.218288774553
3420.218288774553
3420.218288774553
3420.218288774553
3420.218288774553
3359.2888562636654
3359.2888562636654
3359.2888562636654
3359.2888562636654
3359.2888562636654
3359.2888562636654
3359.2888562636654
3359.2888562636654
3359.2888562636654
3359.2888562636654
3344.8103638534567
3344.8103638534567
3344.8103638534567
3344.8103638534567
3344.8103638534567
3344.8103638534567
3344.8103638534567
3344.8103638534567
3344.8103638534567
3344.8103638534567
3330.82054315716
3330.82054315716
3330.82054315716
3330.82054315716
3330.82054315716
3330.82054315716
3330.82054315716
3330.82054315716
3330.82054315716
3330.82054315716
3279.4916052508615
3279.4916052508615
3279.4916052508615
3279.4916052508615
3279.4916052508615
3279.4916052508615
3279.4916052508615
3279.4916052508615
3279.4916052508615
3279.4916052508615
3292.1076566483002
3292.1076566483002
3292.1076566483002
3292.1076566483002
3292.1076566483002
3292.1076566483002
3292.1076566483002
3292.1076566483002
3292.1076566483002
3292.1076566483002
3364.333281135913
3364.333281135913
3364.333281135913
3364.333281135913
3364.333281135913
3364.333281135913
3364.333281135913
3364.333281135913
3364.333281135913
3364.333281135913
3448.188843270199
3448.188843270199
3448.188843270199
3448.188843270199
3448.188843270199
3448.188843270199
3448.188843270199
3448.188843270199
3448.188843270199
3448.188843270199
3231.9783694089797
3231.9783694089797
3231.9783694089797
3231.9783694089797
3231.9783694089797
3231.9783694089797
3231.9783694089797
3231.9783694089797
3231.9783694089797
3231.9783694089797
3364.35664568486
3364.35664568486
3364.35664568486
3364.35664568486
3364.35664568486
3364.35664568486
3364.35664568486
3364.35664568486
3364.35664568486
3364.35664568486
3385.0641904842673
3385.0641904842673
3385.0641904842673
3385.0641904842673
3385.0641904842673
3385.0641904842673
3385.0641904842673
3385.0641904842673
3385.0641904842673
3385.0641904842673
3403.5177168252712
3403.5177168252712
3403.5177168252712
3403.5177168252712
3403.5177168252712
3403.5177168252712
3403.5177168252712
3403.5177168252712
3403.5177168252712
3403.5177168252712
3385.1304575212607
3385.1304575212607
3385.1304575212607
3385.1304575212607
3385.1304575212607
3385.1304575212607
3385.1304575212607
3385.1304575212607
3385.1304575212607
3385.1304575212607
3341.2842767822326
3341.2842767822326
3341.2842767822326
3341.2842767822326
3341.2842767822326
3341.2842767822326
3341.2842767822326
3341.2842767822326
3341.2842767822326
3341.2842767822326
3282.8617101017876
3282.8617101017876
3282.8617101017876
3282.8617101017876
3282.8617101017876
3282.8617101017876
3282.8617101017876
3282.8617101017876
3282.8617101017876
3282.8617101017876
3395.2398158941146
3395.2398158941146
3395.2398158941146
3395.2398158941146
3395.2398158941146
3395.2398158941146
3395.2398158941146
3395.2398158941146
3395.2398158941146
3395.2398158941146
3302.3365720847733
3302.3365720847733
3302.3365720847733
3302.3365720847733
3302.3365720847733
3302.3365720847733
3302.3365720847733
3302.3365720847733
3302.3365720847733
3302.3365720847733
3409.857972845597
3409.857972845597
3409.857972845597
3409.857972845597
3409.857972845597
3409.857972845597
3409.857972845597
3409.857972845597
3409.857972845597
3409.857972845597
3333.757727183894
3333.757727183894
3333.757727183894
3333.757727183894
3333.757727183894
3333.757727183894
3333.757727183894
3333.757727183894
3333.757727183894
3333.757727183894
3326.492876206047
3326.492876206047
3326.492876206047
3326.492876206047
3326.492876206047
3326.492876206047
3326.492876206047
3326.492876206047
3326.492876206047
3326.492876206047
3274.0818058383097
3274.0818058383097
3274.0818058383097
3274.0818058383097
3274.0818058383097
3274.0818058383097
3274.0818058383097
3274.0818058383097
3274.0818058383097
3274.0818058383097
3374.1618103109718
3374.1618103109718
3374.1618103109718
3374.1618103109718
3374.1618103109718
3374.1618103109718
3374.1618103109718
3374.1618103109718
3374.1618103109718
3374.1618103109718
3468.677898045057
3468.677898045057
3468.677898045057
3468.677898045057
3468.677898045057
3468.677898045057
3468.677898045057
3468.677898045057
3468.677898045057
3468.677898045057
3347.365331085283
3347.365331085283
3347.365331085283
3347.365331085283
3347.365331085283
3347.365331085283
3347.365331085283
3347.365331085283
3347.365331085283
3347.365331085283
3346.221713508313
3346.221713508313
3346.221713508313
3346.221713508313
3346.221713508313
3346.221713508313
3346.221713508313
3346.221713508313
3346.221713508313
3346.221713508313
3272.4310913527183
3272.4310913527183
3272.4310913527183
3272.4310913527183
3272.4310913527183
3272.4310913527183
3272.4310913527183
3272.4310913527183
3272.4310913527183
3272.4310913527183
3373.2100191665077
3373.2100191665077
3373.2100191665077
3373.2100191665077
3373.2100191665077
3373.2100191665077
3373.2100191665077
3373.2100191665077
3373.2100191665077
3373.2100191665077
3464.374836644663
3464.374836644663
3464.374836644663
3464.374836644663
3464.374836644663
3464.374836644663
3464.374836644663
3464.374836644663
3464.374836644663
3464.374836644663
3286.3204050345466
3286.3204050345466
3286.3204050345466
3286.3204050345466
3286.3204050345466
3286.3204050345466
3286.3204050345466
3286.3204050345466
3286.3204050345466
3286.3204050345466
3314.224458479647
3314.224458479647
3314.224458479647
3314.224458479647
3314.224458479647
3314.224458479647
3314.224458479647
3314.224458479647
3314.224458479647
3314.224458479647
3427.809499379418
3427.809499379418
3427.809499379418
3427.809499379418
3427.809499379418
3427.809499379418
3427.809499379418
3427.809499379418
3427.809499379418
3427.809499379418
3462.660094168765
3462.660094168765
3462.660094168765
3462.660094168765
3462.660094168765
3462.660094168765
3462.660094168765
3462.660094168765
3462.660094168765
3462.660094168765
3377.5145016179777
3377.5145016179777
3377.5145016179777
3377.5145016179777
3377.5145016179777
3377.5145016179777
3377.5145016179777
3377.5145016179777
3377.5145016179777
3377.5145016179777
3391.8847659051376
3391.8847659051376
3391.8847659051376
3391.8847659051376
3391.8847659051376
3391.8847659051376
3391.8847659051376
3391.8847659051376
3391.8847659051376
3391.8847659051376
3326.5425343446414
3326.5425343446414
3326.5425343446414
3326.5425343446414
3326.5425343446414
3326.5425343446414
3326.5425343446414
3326.5425343446414
3326.5425343446414
3326.5425343446414
3421.000313146861
3421.000313146861
3421.000313146861
3421.000313146861
3421.000313146861
3421.000313146861
3421.000313146861
3421.000313146861
3421.000313146861
3421.000313146861
3392.424400965024
3392.424400965024
3392.424400965024
3392.424400965024
3392.424400965024
3392.424400965024
3392.424400965024
3392.424400965024
3392.424400965024
3392.424400965024
3194.084148185635
3194.084148185635
3194.084148185635
3194.084148185635
3194.084148185635
3194.084148185635
3194.084148185635
3194.084148185635
3194.084148185635
3194.084148185635
3251.1039985195343
3251.1039985195343
3251.1039985195343
3251.1039985195343
3251.1039985195343
3251.1039985195343
3251.1039985195343
3251.1039985195343
3251.1039985195343
3251.1039985195343
3343.1292593816916
3343.1292593816916
3343.1292593816916
3343.1292593816916
3343.1292593816916
3343.1292593816916
3343.1292593816916
3343.1292593816916
3343.1292593816916
3343.1292593816916
3331.969073087848
3331.969073087848
3331.969073087848
3331.969073087848
3331.969073087848
3331.969073087848
3331.969073087848
3331.969073087848
3331.969073087848
3331.969073087848
3409.6404569832307
3409.6404569832307
3409.6404569832307
3409.6404569832307
3409.6404569832307
3409.6404569832307
3409.6404569832307
3409.6404569832307
3409.6404569832307
3409.6404569832307
3334.1609985285536
3334.1609985285536
3334.1609985285536
3334.1609985285536
3334.1609985285536
3334.1609985285536
3334.1609985285536
3334.1609985285536
3334.1609985285536
3334.1609985285536
3442.8944030119083
3442.8944030119083
3442.8944030119083
3442.8944030119083
3442.8944030119083
3442.8944030119083
3442.8944030119083
3442.8944030119083
3442.8944030119083
3442.8944030119083
3213.081174214064
3213.081174214064
3213.081174214064
3213.081174214064
3213.081174214064
3213.081174214064
3213.081174214064
3213.081174214064
3213.081174214064
3213.081174214064
3279.794280968275
3279.794280968275
3279.794280968275
3279.794280968275
3279.794280968275
3279.794280968275
3279.794280968275
3279.794280968275
3279.794280968275
3279.794280968275
3423.871702815751
3423.871702815751
3423.871702815751
3423.871702815751
3423.871702815751
3423.871702815751
3423.871702815751
3423.871702815751
3423.871702815751
3423.871702815751
3330.422931838564
3330.422931838564
3330.422931838564
3330.422931838564
3330.422931838564
3330.422931838564
3330.422931838564
3330.422931838564
3330.422931838564
3330.422931838564
3396.867053714724
3396.867053714724
3396.867053714724
3396.867053714724
3396.867053714724
3396.867053714724
3396.867053714724
3396.867053714724
3396.867053714724
3396.867053714724
3353.3686358640066
3353.3686358640066
3353.3686358640066
3353.3686358640066
3353.3686358640066
3353.3686358640066
3353.3686358640066
3353.3686358640066
3353.3686358640066
3353.3686358640066
3285.9679093836226
3285.9679093836226
3285.9679093836226
3285.9679093836226
3285.9679093836226
3285.9679093836226
3285.9679093836226
3285.9679093836226
3285.9679093836226
3285.9679093836226
3478.4543224115937
3478.4543224115937
3478.4543224115937
3478.4543224115937
3478.4543224115937
3478.4543224115937
3478.4543224115937
3478.4543224115937
3478.4543224115937
3478.4543224115937
3472.9450354263427
3472.9450354263427
3472.9450354263427
3472.9450354263427
3472.9450354263427
3472.9450354263427
3472.9450354263427
3472.9450354263427
3472.9450354263427
3472.9450354263427
3364.6395788892974
3364.6395788892974
3364.6395788892974
3364.6395788892974
3364.6395788892974
3364.6395788892974
3364.6395788892974
3364.6395788892974
3364.6395788892974
3364.6395788892974
3297.544527937527
3297.544527937527
3297.544527937527
3297.544527937527
3297.544527937527
3297.544527937527
3297.544527937527
3297.544527937527
3297.544527937527
3297.544527937527
3343.2704451496584
3343.2704451496584
3343.2704451496584
3343.2704451496584
3343.2704451496584
3343.2704451496584
3343.2704451496584
3343.2704451496584
3343.2704451496584
3343.2704451496584
3314.209536685791
3314.209536685791
3314.209536685791
3314.209536685791
3314.209536685791
3314.209536685791
3314.209536685791
3314.209536685791
3314.209536685791
3314.209536685791
3443.587917239739
3443.587917239739
3443.587917239739
3443.587917239739
3443.587917239739
3443.587917239739
3443.587917239739
3443.587917239739
3443.587917239739
3443.587917239739
3466.5636967107366
3466.5636967107366
3466.5636967107366
3466.5636967107366
3466.5636967107366
3466.5636967107366
3466.5636967107366
3466.5636967107366
3466.5636967107366
3466.5636967107366
3369.154198630832
3369.154198630832
3369.154198630832
3369.154198630832
3369.154198630832
3369.154198630832
3369.154198630832
3369.154198630832
3369.154198630832
3369.154198630832
3325.43771177725
3325.43771177725
3325.43771177725
3325.43771177725
3325.43771177725
3325.43771177725
3325.43771177725
3325.43771177725
3325.43771177725
3325.43771177725
3446.335142021429
3446.335142021429
3446.335142021429
3446.335142021429
3446.335142021429
3446.335142021429
3446.335142021429
3446.335142021429
3446.335142021429
3446.335142021429
3342.449746223785
3342.449746223785
3342.449746223785
3342.449746223785
3342.449746223785
3342.449746223785
3342.449746223785
3342.449746223785
3342.449746223785
3342.449746223785
3440.041958216203
3440.041958216203
3440.041958216203
3440.041958216203
3440.041958216203
3440.041958216203
3440.041958216203
3440.041958216203
3440.041958216203
3440.041958216203
3337.766139186714
3337.766139186714
3337.766139186714
3337.766139186714
3337.766139186714
3337.766139186714
3337.766139186714
3337.766139186714
3337.766139186714
3337.766139186714
3289.313862225146
3289.313862225146
3289.313862225146
3289.313862225146
3289.313862225146
3289.313862225146
3289.313862225146
3289.313862225146
3289.313862225146
3289.313862225146
3327.0089583259823
3327.0089583259823
3327.0089583259823
3327.0089583259823
3327.0089583259823
3327.0089583259823
3327.0089583259823
3327.0089583259823
3327.0089583259823
3327.0089583259823
3324.8890841337784
3324.8890841337784
3324.8890841337784
3324.8890841337784
3324.8890841337784
3324.8890841337784
3324.8890841337784
3324.8890841337784
3324.8890841337784
3324.8890841337784
3356.337905071617
3356.337905071617
3356.337905071617
3356.337905071617
3356.337905071617
3356.337905071617
3356.337905071617
3356.337905071617
3356.337905071617
3356.337905071617
3331.420023576131
3331.420023576131
3331.420023576131
3331.420023576131
3331.420023576131
3331.420023576131
3331.420023576131
3331.420023576131
3331.420023576131
3331.420023576131
3346.1561537998514
3346.1561537998514
3346.1561537998514
3346.1561537998514
3346.1561537998514
3346.1561537998514
3346.1561537998514
3346.1561537998514
3346.1561537998514
3346.1561537998514
3253.1013061621516
3253.1013061621516
3253.1013061621516
3253.1013061621516
3253.1013061621516
3253.1013061621516
3253.1013061621516
3253.1013061621516
3253.1013061621516
3253.1013061621516
3256.4868275801646
3256.4868275801646
3256.4868275801646
3256.4868275801646
3256.4868275801646
3256.4868275801646
3256.4868275801646
3256.4868275801646
3256.4868275801646
3256.4868275801646
3512.397736402882
3512.397736402882
3512.397736402882
3512.397736402882
3512.397736402882
3512.397736402882
3512.397736402882
3512.397736402882
3512.397736402882
3512.397736402882
3411.3504839364796
3411.3504839364796
3411.3504839364796
3411.3504839364796
3411.3504839364796
3411.3504839364796
3411.3504839364796
3411.3504839364796
3411.3504839364796
3411.3504839364796
3344.8611412188616
3344.8611412188616
3344.8611412188616
3344.8611412188616
3344.8611412188616
3344.8611412188616
3344.8611412188616
3344.8611412188616
3344.8611412188616
3344.8611412188616
3493.9557623828814
3493.9557623828814
3493.9557623828814
3493.9557623828814
3493.9557623828814
3493.9557623828814
3493.9557623828814
3493.9557623828814
3493.9557623828814
3493.9557623828814
3257.2710899208814
3257.2710899208814
3257.2710899208814
3257.2710899208814
3257.2710899208814
3257.2710899208814
3257.2710899208814
3257.2710899208814
3257.2710899208814
3257.2710899208814
3297.075430064675
3297.075430064675
3297.075430064675
3297.075430064675
3297.075430064675
3297.075430064675
3297.075430064675
3297.075430064675
3297.075430064675
3297.075430064675
3395.113608070851
3395.113608070851
3395.113608070851
3395.113608070851
3395.113608070851
3395.113608070851
3395.113608070851
3395.113608070851
3395.113608070851
3395.113608070851
3357.8079747430406
3357.8079747430406
3357.8079747430406
3357.8079747430406
3357.8079747430406
3357.8079747430406
3357.8079747430406
3357.8079747430406
3357.8079747430406
3357.8079747430406
3425.8230762571575
3425.8230762571575
3425.8230762571575
3425.8230762571575
3425.8230762571575
3425.8230762571575
3425.8230762571575
3425.8230762571575
3425.8230762571575
3425.8230762571575
3453.6373063050996
3453.6373063050996
3453.6373063050996
3453.6373063050996
3453.6373063050996
3453.6373063050996
3453.6373063050996
3453.6373063050996
3453.6373063050996
3453.6373063050996
3388.9957173207317
3388.9957173207317
3388.9957173207317
3388.9957173207317
3388.9957173207317
3388.9957173207317
3388.9957173207317
3388.9957173207317
3388.9957173207317
3388.9957173207317
3372.056743659293
3372.056743659293
3372.056743659293
3372.056743659293
3372.056743659293
3372.056743659293
3372.056743659293
3372.056743659293
3372.056743659293
3372.056743659293
3388.292107023357
3388.292107023357
3388.292107023357
3388.292107023357
3388.292107023357
3388.292107023357
3388.292107023357
3388.292107023357
3388.292107023357
3388.292107023357
3318.984155145445
3318.984155145445
3318.984155145445
3318.984155145445
3318.984155145445
3318.984155145445
3318.984155145445
3318.984155145445
3318.984155145445
3318.984155145445
3323.102648459749
3323.102648459749
3323.102648459749
3323.102648459749
3323.102648459749
3323.102648459749
3323.102648459749
3323.102648459749
3323.102648459749
3323.102648459749
3425.844755222573
3425.844755222573
3425.844755222573
3425.844755222573
3425.844755222573
3425.844755222573
3425.844755222573
3425.844755222573
3425.844755222573
3425.844755222573
3482.942845952002
3482.942845952002
3482.942845952002
3482.942845952002
3482.942845952002
3482.942845952002
3482.942845952002
3482.942845952002
3482.942845952002
3482.942845952002
3291.6154645733927
3291.6154645733927
3291.6154645733927
3291.6154645733927
3291.6154645733927
3291.6154645733927
3291.6154645733927
3291.6154645733927
3291.6154645733927
3291.6154645733927
3417.0125043148137
3417.0125043148137
3417.0125043148137
3417.0125043148137
3417.0125043148137
3417.0125043148137
3417.0125043148137
3417.0125043148137
3417.0125043148137
3417.0125043148137
3347.650561420926
3347.650561420926
3347.650561420926
3347.650561420926
3347.650561420926
3347.650561420926
3347.650561420926
3347.650561420926
3347.650561420926
3347.650561420926
3362.6299562326262
3362.6299562326262
3362.6299562326262
3362.6299562326262
3362.6299562326262
3362.6299562326262
3362.6299562326262
3362.6299562326262
3362.6299562326262
3362.6299562326262
3385.4709896469194
3385.4709896469194
3385.4709896469194
3385.4709896469194
3385.4709896469194
3385.4709896469194
3385.4709896469194
3385.4709896469194
3385.4709896469194
3385.4709896469194
3425.2830218750883
3425.2830218750883
3425.2830218750883
3425.2830218750883
3425.2830218750883
3425.2830218750883
3425.2830218750883
3425.2830218750883
3425.2830218750883
3425.2830218750883
3426.69978949775
3426.69978949775
3426.69978949775
3426.69978949775
3426.69978949775
3426.69978949775
3426.69978949775
3426.69978949775
3426.69978949775
3426.69978949775
3277.964605982088
3277.964605982088
3277.964605982088
3277.964605982088
3277.964605982088
3277.964605982088
3277.964605982088
3277.964605982088
3277.964605982088
3277.964605982088
3288.093557779028
3288.093557779028
3288.093557779028
3288.093557779028
3288.093557779028
3288.093557779028
3288.093557779028
3288.093557779028
3288.093557779028
3288.093557779028
3401.658441788459
3401.658441788459
3401.658441788459
3401.658441788459
3401.658441788459
3401.658441788459
3401.658441788459
3401.658441788459
3401.658441788459
3401.658441788459
3337.647338391399
3337.647338391399
3337.647338391399
3337.647338391399
3337.647338391399
3337.647338391399
3337.647338391399
3337.647338391399
3337.647338391399
3337.647338391399
3405.473678075899