999
1998
2997
3996
4995
5994
6993
7992
8991
9990
10989
11988
12987
13986
14985
15984
16983
17843
18842
19841
20840
21839
22838
23837
24836
25835
26834
27833
28832
29831
30830
31829
32828
33704
34300
35024
35489
35799
36355
37028
37354
37549
37811
38034
38335
38961
39132
39980
40218
40394
40554
40882
41148
41354
41583
41811
42039
42352
42572
42728
43038
43192
43352
43538
43704
43931
44147
44389
44582
44798
44959
45189
45380
45652
45786
45929
46086
46230
46365
46518
46717
46832
46939
47147
47278
47428
47573
47707
47825
47964
48078
48225
48346
48487
48624
48755
48904
49013
49151
49296
49441
49558
49712
49860
50004
50156
50310
50462
50624
50798
50950
51037
51232
51452
51604
51696
51841
52014
52162
52320
52475
52557
52813
52905
53006
53159
53310
53480
53819
53904
53985
54142
54235
54492
54575
54726
54881
55030
55385
55540
55625
55777
55942
56037
56195
56361
56522
56679
56924
57011
57188
57349
57440
57594
57754
57994
58244
58499
58663
58819
58984
59169
59657
59759
59916
60081
60492
61038
61200
61363
61451
61880
62039
62279
62647
63486
63577
63658
63814
63965
64117
64274
64858
64994
65143
65744
66157
66372
66834
67073
67305
67452
67991
68141
68289
68444
68596
68879
69085
69283
69491
69698
69823
70026
70288
70762
71554
72553
73002
73338
73559
73769
74215
74556
74844
75723
76219
77218
77647
78044
78315
78667
79029
79886
80885
81884
82415
83414
84413
85412
86411
87410
88409
89408
90407
91406
92405
93404
94403
95402
96401
97400
98399
99089
100088
101087
102086
102577
103576
104575
105574
106573
106871
106975
107391
107499
107776
107978
108232
108392
108539
108718
109130
109787
110786
111785
112784
113783
114782
115781
116780
117779
118778
119777
120776
121775
122774
123773
124772
125771
126770
127769
128768
129767
130766
131765
132764
133763
134762
135761
136760
137759
138758
139757
140756
141755
142754
143753
144752
145751
146750
147749
148748
149747
150746
151745
152744
153743
154742
155741
156740
157739
158738
159737
160736
161735
162734
163733
164732
165731
166730
167729
168728
169727
170726
171725
172724
173723
174722
175721
176720
177719
178718
179717
180716
181715
182714
183713
184712
185711
186710
187709
188708
189707
190706
191705
192704
193703
194702
195701
196700
197699
198698
199697
200696
201695
202694
203693
204692
205691
206690
207689
208688
209687
210686
211685
212684
213683
214682
215681
216285
217284
218283
219282
220281
221280
222279
222986
223985
224984
225800
226799
227740
228193
228734
229022
230005
230447
230957
231544
232476
233160
234123
234580
234767
234922
235221
235501
236188
236376
236584
237231
237470
237872
238555
238807
239417
239654
239910
240034
240255
240633
240893
241136
241398
241497
241694
241851
242133
242456
243076
243324
243491
243684
243830
244090
244275
244436
244588
244689
244873
245038
245208
245381
245569
245712
245864
245945
246111
246224
246346
246494
246653
246839
247002
247113
247237
247333
247468
247605
247747
247902
248071
248208
248360
248468
248557
248679
248787
248959
249102
249210
249357
249505
249596
249741
249883
249993
250080
250226
250373
250529
250685
250848
251010
251106
251251
251341
251479
251629
251773
251921
252011
252125
252284
252424
252596
252773
252917
253069
253223
253305
253389
253542
253715
253867
254043
254207
254372
254514
254599
254737
254880
255032
255172
255321
255467
255619
255773
255918
256063
256235
256379
256522
256678
256827
257015
257109
257246
257338
257494
257632
257774
257921
258060
258202
258338
258470
258559
258697
258838
258977
259109
259208
259320
259453
259539
259682
259820
260011
260161
260258
260400
260486
260629
260762
260892
261037
261187
261325
261488
261565
261701
261834
261939
262087
262258
262396
262532
262616
262709
262791
262934
263077
263216
263370
263511
263653
263790
263936
264097
264265
264399
264530
264669
264804
264948
265090
265188
265274
265414
265565
265709
265854
265996
266126
266213
266346
266479
266612
266747
266891
267031
267193
267274
267368
267514
267659
267798
267878
268028
268212
268303
268468
268624
268768
268920
269064
269201
269348
269489
269584
269729
269906
270050
270192
270341
270489
270631
270770
270908
271054
271204
271351
271506
271651
271787
271929
272076
272220
272365
272510
272647
272794
272939
273095
273239
273386
273525
273641
273785
273928
274086
274240
274333
274485
274597
274735
274886
274967
275046
275204
275367
275529
275695
275843
275981
276077
276208
276354
276503
276639
276801
276953
277101
277249
277392
277535
277677
277831
277981
278129
278268
278402
278548
278694
278836
278984
279125
279271
279415
279562
279699
279785
279873
280010
280113
280193
280347
280493
280639
280802
280943
281081
281224
281377
281524
281675
281819
281904
282061
282161
282311
282483
282640
282782
282949
283096
283233
283380
283522
283670
283809
283961
284042
284186
284338
284487
284623
284759
284906
285070
285212
285348
285542
285706
285854
285941
286097
286244
286389
286577
286719
286946
287097
287240
287321
287474
287620
287771
287922
288076
288229
288401
288543
288689
288845
288999
289174
289326
289472
289620
289776
289868
290007
290151
290293
290443
290594
290741
290890
291033
291177
291332
291475
291610
291759
291839
291927
292073
292219
292386
292534
292665
292819
292908
293049
293189
293333
293477
293619
293758
293907
294040
294191
294339
294515
294657
294820
294989
295158
295321
295414
295564
295717
295864
296015
296168
296338
296491
296638
296796
296938
297076
297231
297375
297548
297696
297869
298047
298192
298347
298499
298587
298740
298838
298997
299147
299308
299465
299607
299756
299917
300076
300240
300397
300610
300752
300907
301001
301173
301253
301424
301566
301710
301874
302018
302200
302359
302514
302648
302807
302944
303092
303186
303367
303531
303685
303847
303993
304140
304283
304532
304692
304844
304987
305145
305285
305443
305543
305690
305841
305996
306149
306308
306473
306701
306856
307098
307262
307429
307586
307734
307895
308055
308217
308378
308535
308672
308837
308926
309218
309362
309478
309730
309881
310027
310179
310333
310431
310606
310764
310904
311055
311209
311367
311519
311691
311832
312096
312187
312331
312482
312625
312784
312942
313092
313248
313410
313565
313711
313882
314023
314176
314335
314471
314617
314855
314997
315089
315278
315498
315653
315811
315978
316147
316230
316408
316552
316703
316862
316995
317194
317337
317432
317572
317729
317897
318057
318236
318381
318635
318793
318933
319180
319329
319468
319672
319852
320021
320122
320277
320437
320590
320759
320932
321083
321238
321388
321627
321855
322010
322169
322330
322484
322718
322800
322885
323045
323204
323294
323444
323582
323871
324032
324193
324418
324502
324753
324915
325069
325223
325316
325487
325580
325718
325873
326013
326157
326314
326462
326614
326775
326933
327084
327231
327388
327541
327668
327829
327972
328142
328282
328440
328601
328750
328910
329060
329231
329489
329659
329815
329896
330059
330217
330367
330548
330707
330853
331006
331178
331341
331489
331666
331815
331958
332106
332273
332454
332624
332791
332957
333110
333252
333394
333545
333696
333856
334027
334123
334285
334439
334597
334692
334868
335143
335226
335403
335572
335746
335947
336057
336221
336374
336514
336678
336762
336850
336932
337157
337311
337474
337638
337780
337939
338083
338174
338320
338467
338611
338761
338918
339069
339224
339307
339455
339622
339783
339875
340051
340203
340361
340513
340685
340831
340988
341150
341300
341521
341672
341845
342010
342108
342212
342298
342461
342621
342763
342934
343048
343206
343361
343561
343727
343885
344157
344343
344490
344650
344802
344975
345120
345266
345426
345655
345802
345958
346102
346263
346415
346512
346736
346899
347075
347230
347376
347526
347682
347856
348014
348174
348319
348582
348754
348974
349126
349305
349456
349629
349774
349968
350119
350263
350424
350577
350817
350967
351112
351253
351399
351549
351713
351893
352065
352217
352393
352779
352928
353078
353236
353449
353533
353688
353859
354018
354170
354321
354472
354643
354801
354953
355119
355295
355448
355605
355743
355900
356037
356183
356360
356539
356683
356847
357001
357151
357324
357413
357563
357718
357867
357953
358179
358350
358508
358673
358766
358931
359090
359246
359414
359570
359741
359894
359982
360148
360312
360575
360749
360905
361063
361225
361414
361593
361740
361885
361975
362128
362284
362458
362619
362708
362868
363040
363217
363313
363465
363694
363921
364080
364228
364375
364537
364700
364851
365086
365226
365367
365507
365771
365913
366074
366165
366246
366482
366700
366849
367104
367256
367428
367511
367672
367822
367967
368150
368226
368385
368575
368719
368873
369018
369227
369459
369611
369773
369878
370014
370261
370373
370538
370703
370859
371040
371289
371516
371698
371840
372010
372154
372330
372570
372714
372855
373005
373148
373314
373471
373626
373713
373939
374112
374193
374288
374430
374575
374724
374812
374970
375136
375288
375550
375636
375797
375949
376146
376302
376443
376616
376783
376941
377107
377264
377408
377576
377678
377840
378003
378144
378283
378436
378517
378656
378741
378908
379048
379232
379384
379538
379848
379998
380149
380295
380446
380615
380815
380895
381043
381186
381353
381495
381709
381800
382016
382186
382429
382523
382684
382831
383016
383182
383340
383562
383730
383887
384063
384156
384297
384535
384682
384840
384990
385071
385257
385448
385576
385741
385886
386156
386331
386472
386627
386778
386867
387020
387169
387314
387493
387643
387737
387951
388093
388237
388393
388546
388700
388859
389046
389189
389320
389515
389675
389815
389985
390138
390289
390464
390627
390776
391056
391237
391387
391538
391691
391848
391938
392080
392314
392460
392615
392707
392874
393019
393164
393310
393474
393618
393794
393869
394033
394192
394368
394506
394655
394894
395101
395183
395268
395526
395676
395819
396085
396219
396529
396742
396970
397132
397283
397441
397605
397759
397920
398059
398222
398384
398524
398676
398828
398920
399130
399370
399523
399698
399835
399989
400168
400309
400461
400615
400763
400907
401059
401209
401292
401501
401678
401824
401979
402126
402272
402432
402709
402862
403005
403171
403331
403475
403692
403843
404064
404219
404315
404454
404690
404838
404979
405139
405292
405466
405676
405904
406055
406207
406363
406537
406694
406848
407009
407177
407318
407470
407623
407787
407943
408080
408163
408409
408551
408705
408863
409010
409161
409334
409496
409589
409670
409840
409986
410131
410274
410490
410578
410816
410950
411044
411300
411539
411680
411767
411930
412071
412207
412570
412723
412871
412959
413105
413335
413509
413664
413826
414015
414158
414299
414459
414618
414766
414917
415075
415230
415369
415518
415669
415817
415952
416108
416342
416550
416699
416850
416998
417153
417305
417451
417617
417794
417957
418124
418295
418561
418656
418757
419028
419178
419336
419482
419648
419803
419948
420106
420263
420415
420550
420697
420833
420980
421134
421283
421431
421635
421778
421923
422073
422289
422433
422673
422829
423002
423154
423293
423452
423607
423761
423930
424144
424312
424459
424600
424763
424936
425017
425241
425528
425681
425823
425963
426120
426282
426427
426580
426814
426974
427129
427264
427437
427584
427741
427937
428085
428245
428393
428550
428711
428876
429047
429137
429283
429433
429658
429809
430076
430226
430378
430536
430691
430839
431011
431234
431379
431573
431719
431871
432030
432120
432362
432518
432773
432933
433083
433169
433317
433475
433651
433800
433944
434094
434284
434436
434584
434730
434886
435265
435408
435549
435703
435869
436009
436149
436298
436463
436620
436779
436926
437101
437268
437413
437646
437799
438017
438169
438250
438390
438543
438688
438770
438923
439078
439231
439337
439527
439668
439753
439901
440045
440198
440347
440430
440589
440741
440896
441040
441309
441522
441759
441911
442064
442223
442386
442527
442671
442890
443047
443228
443378
443485
443641
443821
443901
444055
444198
444354
444512
444668
444900
444988
445135
445286
445442
445595
445758
445982
446138
446385
446538
446693
446857
447019
447173
447330
447485
447646
447798
448052
448215
448380
448532
448691
448847
449001
449162
449344
449435
449595
449737
449885
450053
450220
450309
450470
450612
450770
450935
451093
451241
451390
451559
451874
452091
452562
452710
452867
453031
453202
453427
453581
453724
453869
454021
454163
454313
454522
454675
454819
454970
455130
455298
455449
455594
455740
455889
455985
456127
456299
456441
456607
456748
456895
457049
457205
457366
457513
457675
457827
458037
458188
458269
458492
458650
458793
458942
459097
459189
459342
459502
459657
459879
460031
460182
460329
460412
460563
460713
460857
461025
461185
461360
461524
461629
461908
462142
462229
462455
462553
462700
462859
463072
463151
463306
463467
463619
463776
463937
464081
464220
464379
464598
464768
464998
465229
465530
465682
465839
466005
466166
466308
466509
466699
466840
467068
467222
467449
467599
467855
468003
468171
468354
468510
468648
468810
469032
469201
469295
469438
469604
469757
469902
469990
470143
470302
470397
470580
470667
470751
470903
471065
471204
471368
471521
471662
471818
471968
472123
472201
472362
472516
472673
472836
472985
473130
473287
473441
473663
473846
473999
474240
474384
474621
474781
474950
475120
475276
475415
475573
475665
475821
475902
475998
476146
476308
476467
476611
476783
477018
477250
477411
477648
477822
477978
478167
478316
478466
478627
478773
478875
478969
479113
479265
479422
479661
479890
479990
480222
480373
480590
480732
480910
481006
481285
481449
481614
481832
481985
482133
482285
482435
482530
482779
482944
483131
483280
483451
483644
483812
484055
484253
484493
484710
484856
485017
485216
485365
485531
485702
485931
486102
486259
486413
486647
486805
486949
487107
487272
487425
487580
487669
487825
487983
488140
488288
488438
488578
488729
488882
488962
489126
489314
489393
489548
489707
489965
490112
490360
490523
490681
490822
490978
491120
491287
491437
491646
491817
491972
492062
492205
492353
492520
492682
492840
492995
493171
493337
493494
493648
493809
493911
494184
494338
494477
494632
494733
494887
495030
495184
495331
495482
495638
495779
496022
496248
496424
496597
496739
496887
497035
497191
497346
497496
497658
497806
497953
498190
498342
498493
498641
498810
498961
499091
499239
499421
499581
499732
499889
499974
500147
500315
500465
500617
500768
501000
501153
501343
501522
501660
501743
501882
502030
502185
502349
502504
502738
502889
503037
503193
503372
503515
503671
503834
503975
504126
504271
504420
504563
504714
504868
505016
505273
505418
505562
505724
505873
506030
506182
506325
506491
506635
506794
506950
507122
507264
507490
507641
507780
507939
508094
508252
508573
508733
508874
509015
509169
509391
509501
509645
509797
509958
510120
510288
510439
510615
510771
510925
511091
511238
511394
511549
511722
511811
511961
512107
512252
512417
512567
512725
512874
513028
513270
513422
513597
513861
513945
514095
514261
514418
514583
514835
514987
515139
515284
515435
515527
515685
515856
515998
516152
516305
516458
516612
516839
517004
517148
517302
517536
517617
517755
517902
518047
518220
518375
518551
518630
518719
518870
519026
519175
519325
519468
519549
519693
519838
519930
520083
520221
520365
520516
520660
520758
520908
521067
521209
521366
521507
521653
521805
521969
522148
522288
522439
522584
522732
522891
523070
523221
523377
523541
523776
523932
524107
524358
524508
524664
524825
524980
525142
525310
525418
525588
525757
525910
526057
526212
526376
526551
526707
526802
526943
527104
527267
527358
527454
527611
527693
527844
527992
528145
528316
528469
528622
528777
528923
529015
529160
529321
529470
529616
529768
529913
530055
530205
530360
530514
530700
530844
531000
531161
531309
531468
531629
531784
531947
532099
532184
532326
532411
532560
532715
532871
533029
533167
533311
533464
533607
533757
533881
534117
534264
534403
534555
534697
534850
535004
535158
535315
535462
535609
535747
535899
536043
536198
536348
536495
536635
536841
536923
537073
537219
537376
537532
537683
537846
537948
538105
538253
538398
538539
538776
538930
539077
539224
539379
539519
539661
539802
539951
540103
540253
540394
540542
540693
540879
541052
541198
541353
541500
541657
541803
542039
542134
542221
542368
542523
542691
542845
543009
543157
543302
543459
543616
543759
543911
544124
544259
544402
544553
544697
544845
545006
545160
545389
545550
545701
545845
545980
546122
546306
546462
546632
546786
546935
547082
547229
547377
547507
547665
547820
547976
548133
548276
548430
548579
548730
548878
549027
549177
549322
549467
549625
549787
549938
550092
550247
550398
550551
550713
550877
551034
551194
551344
551534
551699
551934
552082
552237
552378
552536
552686
552831
552929
553082
553223
553378
553537
553782
553944
554121
554288
554433
554664
554901
555058
555218
555365
555504
555654
555752
555902
556067
556227
556366
556517
556666
556819
556972
557129
557274
557411
557567
557749
557899
558046
558273
558420
558575
558807
558954
559105
559254
559405
559556
559720
559876
560031
560202
560346
560510
560675
560826
560990
561144
561294
561446
561664
561815
561967
562121
562276
562436
562592
562744
562903
562990
563164
563265
563456
563607
563755
563913
564063
564214
564366
564511
564659
564811
565004
565159
565313
565479
565646
565731
565883
566047
566202
566387
566542
566693
566865
567039
567200
567340
567513
567685
567855
568011
568163
568310
568456
568602
568715
568927
569074
569244
569398
569561
569718
569867
570027
570192
570351
570503
570589
570741
570903
571103
571201
571353
571594
571748
571892
572034
572132
572288
572378
572635
572820
572928
573087
573264
573418
573568
573721
573875
574118
574275
574461
574633
574795
575009
575171
575336
575507
575668
575817
576060
576205
576325
576487
576655
576799
577030
577259
577463
577614
577759
577932
578087
578240
578401
578573
578702
578854
579022
579178
579344
579509
579658
579794
579956
580100
580194
580361
580515
580699
580857
581103
581255
581411
581496
581656
581807
581958
582127
582359
582501
582646
582797
582947
583097
583258
583408
583549
583715
583879
584096
584248
584393
584511
584700
584878
585032
585189
585341
585454
585610
585761
585983
586138
586295
586475
586619
586782
586946
587097
587251
587468
587646
587800
587986
588132
588286
588441
588605
588762
588904
589067
589213
589379
589540
589673
589826
590044
590197
590343
590507
590666
590827
590917
591078
591225
591378
591537
591711
591848
591998
592139
592285
592437
592600
592748
592906
593054
593217
593376
593526
593688
593875
594032
594191
594348
594511
594668
594831
594926
595075
595224
595401
595566
595813
595983
596141
596305
596457
596605
596745
596888
597044
597195
597435
597611
597771
597938
598103
598260
598430
598586
598797
598947
599104
599259
599417
599635
599794
599948
600180
600337
600545
600704
600857
601085
601239
601381
601535
601687
601846
601995
602193
602344
602499
602645
602795
602945
603099
603238
603467
603634
603780
603934
604091
604250
604485
604568
604721
604878
605031
605182
605321
605543
605814
605971
606129
606292
606450
606608
606782
606942
607099
607257
607492
607634
607798
607952
608106
608254
608501
608758
608994
609218
609388
609543
609692
609783
610026
610296
610467
610660
610815
611065
611216
611534
611784
611938
612165
612307
612472
612636
612803
612964
613120
613271
613417
613653
613835
613983
614232
614464
614631
614798
614947
615198
615362
615518
615717
615865
616016
616254
616417
616565
616761
616921
617076
617168
617321
617479
617646
617794
618072
618237
618392
618540
618692
618873
619045
619191
619419
619575
619728
619888
620045
620191
620287
620457
620627
620782
620938
621086
621229
621379
621521
621687
621840
621984
622137
622286
622431
622579
622665
622826
622990
623149
623310
623498
623716
623873
624039
624137
624281
624429
624598
624761
624899
625062
625208
625350
625500
625724
625900
626056
626199
626348
626508
626674
626831
627057
627217
627365
627512
627679
627916
628068
628228
628372
628521
628675
628833
628998
629153
629325
629468
629627
629799
629957
630121
630275
630498
630622
630768
630917
631094
631246
631392
631615
631870
632035
632199
632351
632622
632778
632931
633090
633251
633425
633587
633734
633978
634143
634236
634397
634579
634742
634899
635077
635224
635383
635557
635719
635876
636037
636235
636405
636577
636717
636884
637037
637125
637293
637433
637611
637766
637929
638093
638250
638403
638564
638807
638977
639127
639281
639437
639594
639767
639912
640146
640322
640446
640599
640823
641064
641219
641379
641545
641696
641848
642018
642184
642355
642581
642815
642908
643071
643232
643383
643531
643688
643843
643983
644130
644291
644457
644626
644771
644936
645108
645263
645419
645566
645822
646044
646200
646349
646512
646662
646938
647085
647235
647373
647567
647734
647890
648045
648197
648355
648515
648663
648817
648969
649125
649285
649514
649676
649833
649983
650122
650275
650432
650591
650763
650917
651081
651234
651399
651552
651711
651939
652094
652243
652329
652481
652639
652781
652934
653083
653238
653396
653566
653771
653946
654200
654440
654592
654807
654958
655114
655222
655371
655510
655670
655829
655980
656132
656369
656534
656696
656859
657019
657169
657407
657555
657722
657808
657959
658108
658261
658425
658577
658735
658898
659057
659204
659364
659451
659613
659692
659842
659996
660135
660278
660430
660603
660774
660871
661049
661189
661337
661501
661588
661759
661921
662086
662230
662385
662549
662706
662857
663028
663117
663262
663410
663509
663669
663830
663973
664149
664383
664622
664780
664983
665133
665285
665447
665606
665761
665923
666066
666228
666391
666560
666791
666939
667114
667267
667417
667656
667891
668120
668269
668423
668581
668766
668869
669018
669178
669340
669489
669641
669800
670035
670201
670424
670575
670796
671026
671188
671341
671508
671746
671900
672138
672285
672536
672703
672869
673105
673278
673522
673673
673918
674068
674225
674316
674464
674623
674803
674952
675106
675273
675445
675607
675754
675898
676058
676198
676358
676511
676675
676844
677100
677315
677487
677646
677805
677960
678132
678291
678461
678572
678667
678832
678989
679152
679305
679579
679784
679955
680087
680243
680415
680662
680827
680988
681147
681305
681467
681716
681884
682048
682201
682358
682489
682658
682811
682985
683154
683388
683547
683698
683868
684027
684214
684367
684543
684708
684874
685050
685212
685434
685584
685820
686094
686244
686397
686551
686707
686914
687071
687243
687397
687569
687718
687878
688068
688244
688454
688697
688856
689009
689152
689426
689591
689765
689921
690067
690237
690397
690547
690673
690850
691007
691183
691380
691537
691687
691854
692016
692190
692352
692511
692660
692843
692991
693145
693354
693501
693742
693896
694138
694303
694478
694620
694769
694924
695089
695249
695401
695564
695734
695900
696072
696172
696329
696488
696643
696796
696968
697132
697289
697443
697631
697788
697954
698061
698224
698385
698547
698699
698853
698937
699092
699261
699417
699577
699678
699848
700011
700205
700296
700456
700618
700835
700989
701226
701375
701626
701776
702041
702274
702432
702681
702833
702995
703243
703411
703574
703735
703891
704059
704214
704359
704473
704639
704734
704820
704920
705086
705324
705487
705638
705795
705950
706218
706473
706559
706712
706875
707053
707214
707371
707516
707613
707771
707856
707998
708144
708314
708470
708626
708717
708885
709066
709158
709333
709505
709669
709896
710053
710287
710548
710650
710801
711041
711282
711448
711622
711796
711973
712138
712293
712475
712700
712796
712938
713165
713373
713542
713704
713868
714050
714202
714359
714522
714694
714943
715114
715287
715455
715609
715801
715965
716210
716378
716544
716632
716789
716939
717029
717211
717370
717599
717763
718019
718191
718273
718437
718589
718763
718918
719081
719181
719344
719508
719688
719863
720012
720104
720266
720437
720535
720682
720840
721004
721180
721344
721510
721607
721858
722008
722179
722433
722603
722786
722875
723039
723197
723285
723447
723616
723784
723938
724109
724271
724427
724674
724841
724981
725202
725362
725517
725683
725849
726089
726257
726428
726591
726836
726933
727090
727259
727423
727510
727686
727857
728024
728204
728364
728528
728700
728857
729009
729172
729321
729465
729633
729797
729991
730236
730467
730676
730856
731010
731171
731324
731486
731566
731743
731915
732166
732333
732511
732668
732842
733006
733163
733328
733598
733860
734038
734208
734383
734554
734711
734881
735047
735228
735469
735627
735798
735991
736180
736348
736460
736633
736804
736978
737148
737301
737468
737632
737797
737958
738201
738379
738544
738629
738879
739050
739222
739459
739628
739811
739961
740144
740265
740434
740605
740762
740928
741113
741387
741553
741730
742045
742294
742467
742636
742796
742990
743164
743331
743513
743759
743915
744075
744265
744444
744707
744882
745063
745233
745406
745648
745907
746143
746396
746563
746721
746895
747084
747318
747482
747642
747904
748072
748246
748493
748673
748841
749010
749183
749350
749509
749659
749827
749981
750146
750310
750467
750625
750778
750935
751122
751277
751437
751602
751755
751852
752007
752173
752336
752462
752645
752791
752883
753051
753244
753400
753553
753802
754079
754237
754394
754547
754703
754850
755082
755246
755420
755574
755739
755888
756043
756212
756371
756473
756635
756803
756901
757061
757204
757514
757675
757948
758109
758286
758369
758528
758824
758988
759157
759321
759467
759650
759925
760094
760192
760272
760423
760590
760676
760832
761052
761223
761383
761548
761700
761866
762015
762175
762332
762480
762574
762732
762893
763059
763200
763370
763527
763690
763856
764011
764174
764262
764430
764590
764743
764903
765058
765241
765387
765547
765711
765986
766137
766286
766526
766690
766850
767009
767255
767514
767740
768080
768309
768474
768631
768804
768913
769070
769320
769484
769578
769752
769899
770074
770246
770418
770590
770752
770853
771021
771184
771347
771516
771690
771856
772127
772288
772477
772632
772791
772948
773108
773278
773416
773574
773739
773914
774078
774175
774330
774481
774562
774707
774869
775090
775247
775414
775564
775827
775972
776121
776293
776450
776727
776889
777060
777220
777381
777523
777673
777841
777995
778148
778300
778461
778619
778768
778938
779103
779273
779429
779583
779666
779812
779983
780155
780304
780491
780637
780790
780951
781119
781367
781638
781796
781953
782114
782268
782428
782582
782761
782902
783052
783215
783392
783548
783709
783860
784013
784159
784317
784481
784627
784798
784944
785090
785243
785397
785552
785698
785885
786036
786199
786346
786509
786689
786850
787018
787181
787350
787513
787674
787857
788008
788174
788350
788518
788676
788837
788989
789151
789301
789458
789601
789691
789850
790011
790165
790321
790492
790642
790903
791211
791372
791540
791708
791877
792027
792186
792348
792433
792590
792747
792903
793068
793231
793464
793634
793790
793948
794108
794266
794359
794529
794795
795034
795194
795369
795528
795691
795865
796028
796197
796360
796619
796788
797053
797232
797408
797576
797831
797996
798186
798342
798631
798902
799069
799303
799475
799637
799793
799964
800145
800401
800562
800718
800881
801037
801211
801383
801547
801718
801983
802159
802238
802407
802502
802677
802926
803090
803249
803407
803656
803916
804084
804281
804427
804588
804757
804925
805085
805244
805411
805586
805747
805901
806077
806251
806419
806578
806753
806920
807087
807246
807411
807576
807815
807914
808078
808243
808421
808663
808924
809082
809233
809403
809506
809671
809759
809912
810100
810253
810497
810671
810841
811010
811364
811521
811695
811855
812030
812193
812351
812518
812684
812862
813076
813314
813487
813663
813815
813976
814062
814344
814438
814603
814761
814924
815097
815267
815422
815589
815748
815924
816084
816262
816552
816724
816893
817105
817369
817543
817626
817793
817974
818144
818306
818463
818631
818796
818961
819130
819282
819442
819530
819779
819946
820116
820382
820530
820616
820720
820915
821078
821339
821496
821661
821843
822033
822289
822460
822689
822985
823149
823420
823658
823914
824120
824301
824555
824739
824841
825017
825189
825349
825512
825776
825952
826105
826272
826443
826538
826784
826955
827111
827272
827631
827792
827963
828049
828217
828450
828627
828794
828994
829160
829321
829499
829670
829826
830002
830183
830352
830591
830765
830936
831301
831480
831745
832002
832154
832314
832481
832773
833054
833331
833673
833995
834172
834409
834655
834912
835081
835237
835392
835621
835784
836128
836290
836547
836710
837063
837230
837392
837677
837860
838028
838200
838380
838534
838703
838871
839036
839204
839385
839549
839706
839872
839959
840140
840312
840473
840636
840811
840988
841232
841399
841566
841775
841937
842089
842243
842415
842621
842785
842997
843179
843340
843507
843651
843816
843981
844143
844303
844512
844697
844875
845037
845213
845457
845621
845784
846053
846230
846383
846560
846729
846819
846976
847234
847476
847646
847807
847979
848133
848318
848576
848730
848815
848986
849152
849250
849414
849585
849750
849919
850215
850403
850563
850835
851094
851349
851530
851684
851855
852122
852305
852477
852633
852797
852889
853061
853239
853395
853566
853747
853896
854066
854158
854329
854528
854702
854880
854976
855144
855292
855447
855623
855871
856056
856240
856406
856605
856771
856931
857095
857246
857393
857560
857724
857895
858138
858394
858560
858734
858913
859074
859263
859518
859677
859847
860018
860192
860413
860502
860792
860956
861221
861384
861634
861716
861875
862048
862218
862455
862615
862790
862936
863102
863262
863431
863578
863748
863902
864056
864224
864393
864747
864828
864935
865088
865242
865408
865578
865729
865896
866061
866219
866374
866636
866902
867147
867349
867608
867763
867927
868076
868224
868406
868573
868737
868915
869086
869254
869431
869602
869776
869938
870179
870442
870613
870885
871055
871220
871401
871562
871675
871848
872009
872317
872484
872664
872929
873104
873278
873446
873598
873793
873958
874240
874395
874553
874731
874914
875184
875339
875507
875676
875846
876021
876257
876447
876633
876827
877078
877329
877502
877693
877857
878106
878290
878448
878691
878881
879184
879358
879517
879688
879843
880093
880264
880433
880608
880771
880973
881297
881551
881713
881939
882106
882280
882462
882721
882986
883161
883406
883573
883720
884039
884205
884381
884615
884785
884943
885104
885352
885524
885705
885859
886007
886171
886415
886581
886745
887080
887253
887411
887577
887670
887841
888106
888263
888425
888591
888757
888927
889190
889438
889678
889828
889993
890161
890342
890521
890693
890845
891041
891310
891478
891648
891811
891951
892116
892285
892464
892719
892898
893070
893242
893330
893578
893730
893892
894062
894153
894325
894493
894679
894945
895124
895303
895470
895642
895767
896017
896190
896432
896600
896844
897013
897207
897381
897549
897733
897900
898074
898237
898443
898606
898776
899030
899192
899382
899623
899789
899958
900120
900291
900473
900653
900809
900960
901149
901304
901414
901666
901826
901994
902160
902410
902568
902717
903020
903190
903358
903549
903646
903732
903888
903985
904179
904347
904507
904763
904929
905174
905349
905539
905700
905863
906111
906291
906455
906623
906856
907133
907306
907384
907543
907706
907865
908143
908397
908572
908743
908917
909088
909289
909484
909663
909824
909992
910263
910424
910604
910687
910844
911014
911186
911364
911531
911708
911871
912047
912205
912370
912455
912679
912834
913089
913271
913438
913605
913788
913946
914142
914319
914477
914642
914810
914978
915138
915290
915393
915563
915714
915871
916043
916211
916540
916713
916894
917059
917324
917485
917654
917822
917986
918192
918340
918505
918608
918769
919028
919189
919346
919504
919674
919857
920035
920306
920465
920626
920790
920957
921044
921143
921299
921467
921597
921754
921904
922063
922254
922420
922584
922769
922936
923112
923350
923509
923672
923878
924028
924190
924341
924427
924567
924722
924927
925087
925247
925411
925593
925758
926029
926196
926356
926523
926683
926848
927011
927261
927439
927602
927758
927911
928092
928259
928412
928510
928668
928855
929015
929174
929332
929511
929752
929907
930076
930310
930403
930491
930662
930745
930903
931074
931239
931410
931605
931768
931878
931980
932156
932309
932470
932626
932784
932963
933129
933278
933433
933612
933775
933940
934101
934271
934448
934623
934877
935039
935244
935414
935571
935751
935898
936167
936334
936518
936757
936945
937025
937188
937348
937504
937658
937820
937987
938279
938445
938629
938797
939053
939231
939398
939689
939958
940121
940294
940458
940612
940761
940933
941082
941243
941423
941654
941732
941973
942211
942383
942643
942806
942961
943050
943206
943356
943521
943608
943758
943908
944083
944239
944491
944661
944834
945027
945182
945350
945513
945662
945810
945959
946126
946289
946447
946642
946766
946927
947074
947342
947492
947665
947821
947974
948137
948381
948545
948694
948872
949067
949220
949311
949497
949669
949754
949905
950059
950224
950415
950595
950761
950946
951110
951364
951543
951732
951901
952083
952247
952405
952702
952861
953105
953291
953496
953653
953811
954074
954458
954725
954891
955046
955206
955365
955464
955631
955800
956009
956172
956333
956501
956678
956852
957102
957382
957651
957814
957983
958150
958332
958597
958754
958928
959099
959261
959512
959679
959841
960120
960267
960431
960586
960764
960937
961100
961268
961382
961545
961714
961877
962055
962208
962370
962537
962696
962862
963039
963187
963283
963422
963733
963897
964064
964314
964566
964723
964882
965066
965230
965417
965583
965740
965898
966047
966310
966467
966642
966803
966963
967141
967482
967565
967725
967883
968039
968189
968365
968525
968681
969048
969306
969481
969659
969841
970217
970399
970570
970738
970884
971052
971224
971375
971532
971708
971873
972038
972190
972340
972510
972688
972847
973008
973173
973357
973516
973674
973842
974024
974183
974348
974505
974684
974837
974993
975187
975327
975473
975632
975724
975890
976049
976202
976355
976546
976715
976865
977009
977173
977324
977427
977655
977818
977993
978166
978387
978547
978711
978871
979047
979215
979375
979558
979721
979894
980057
980238
980404
980562
980741
980914
981061
981235
981408
981587
981753
981839
981995
982162
982333
982504
982707
982863
983032
983126
983297
983472
983649
983812
983982
984163
984306
984470
984632
984721
984877
985148
985312
985591
985746
985911
986072
986335
986492
986649
986819
986975
987233
987403
987569
987740
987825
988092
988264
988613
988783
989004
989174
989430
989582
989740
989901
990082
990252
990435
990606
990858
991025
991180
991461
991623
991880
992050
992207
992386
992540
992695
992863
993034
993283
993440
993534
993725
994000
994173
994449
994705
994801
994959
995218
995392
995554
995708
995998
996093
996399
996563
996803
996979
997141
997387
997543
997706
997991
998176
998276
998450
998613
998792
998962
999145
999321
999497
999698
999872
1000047
1000308
1000480
1000649
1000822
1000991
1001161
1001341
1001449
1001697
1001864
1002038
1002210
1002374
1002541
1002824
1002982
1003142
1003274
1003522
1003627
1003796
1003974
1004244
1004334
1004492
1004589
1004761
1004918
1005068
1005235
1005404
1005574
1005747
1005913
1006069
1006239
1006418
1006686
1006854
1007020
1007186
1007358
1007523
1007699
1007895
1008047
1008215
1008384
1008564
1008657
1008832
1008997
1009260
1009414
1009600
1009780
1009955
1010133
1010383
1010536
1010836
1011011
1011170
1011334
1011561
1011738
1011991
1012098
1012388
1012574
1012752
1012915
1013088
1013179
1013446
1013643
1013800
1013950
1014111
1014268
1014427
1014612
1014790
1014949
1015135
1015292
1015455
1015722
1015826
1015998
1016262
1016414
1016582
1016740
1016896
1017087
1017239
1017399
1017548
1017716
1017874
1017963
1018122
1018284
1018452
1018698
1018872
1019041
1019222
1019385
1019634
1019813
1019981
1020153
1020316
1020488
1020660
1020824
1021086
1021267
1021438
1021603
1021768
1022020
1022195
1022358
1022525
1022695
1022857
1023030
1023291
1023535
1023725
1023813
1024061
1024237
1024430
1024613
1024780
1025048
1025225
1025395
1025553
1025730
1025899
1026063
1026267
1026435
1026640
1026819
1027077
1027253
1027422
1027512
1027791
1027962
1028126
1028297
1028475
1028658
1028825
1028931
1029109
1029291
1029458
1029611
1029774
1029931
1030191
1030350
1030508
1030665
1030825
1031009
1031173
1031331
1031516
1031768
1031941
1032127
1032315
1032559
1032826
1032993
1033259
1033515
1033685
1033864
1033959
1034132
1034294
1034458
1034621
1034772
1035053
1035226
1035511
1035790
1036060
1036233
1036394
1036566
1036734
1036900
1036984
1037140
1037316
1037472
1037637
1037800
1037955
1038206
1038437
1038610
1038778
1038947
1039112
1039264
1039430
1039613
1039777
1039951
1040112
1040294
1040453
1040628
1040878
1041046
1041223
1041393
1041557
1041803
1041966
1042375
1042663
1042832
1042993
1043082
1043250
1043395
1043579
1043719
1043886
1044056
1044234
1044412
1044660
1044914
1045081
1045253
1045415
1045604
1045853
1046020
1046201
1046384
1046557
1046819
1047089
1047176
1047450
1047629
1048005
1048092
1048364
1048640
1048804
1048965
1049264
1049436
1049535
1049807
1049886
1049982
1050179
1050286
1050560
1050737
1050901
1051058
1051259
1051424
1051656
1051973
1052138
1052393
1052655
1052827
1053126
1053207
1053388
1053556
1053732
1054030
1054203
1054446
1054610
1054967
1055086
1055255
1055569
1055720
1055905
1056069
1056239
1056600
1056784
1056977
1057230
1057389
1057557
1057918
1058182
1058440
1058639
1058988
1059242
1059403
1059561
1059818
1059991
1060216
1060377
1060539
1060718
1060889
1060983
1061144
1061390
1061660
1061824
1061986
1062151
1062321
1062481
1062745
1062916
1063097
1063321
1063569
1063740
1063996
1064233
1064490
1064767
1064915
1065082
1065244
1065411
1065576
1065732
1065889
1066073
1066248
1066450
1066613
1066777
1066958
1067136
1067248
1067414
1067593
1067781
1067959
1068134
1068465
1068633
1069106
1069277
1069435
1069603
1069989
1070174
1070348
1070517
1070691
1070951
1071121
1071397
1071570
1071758
1071928
1072168
1072332
1072506
1072690
1072940
1073104
1073270
1073554
1073744
1073908
1074150
1074423
1074598
1074763
1074929
1075089
1075262
1075407
1075571
1075735
1075914
1076082
1076253
1076421
1076601
1076791
1076973
1077144
1077312
1077490
1077648
1077804
1077983
1078238
1078484
1078665
1078920
1079241
1079408
1079678
1079943
1080225
1080405
1080568
1080751
1080912
1081168
1081453
1081842
1081999
1082273
1082567
1082818
1082993
1083255
1083417
1083582
1083736
1084075
1084259
1084442
1084615
1084883
1085160
1085326
1085593
1085779
1085944
1086213
1086304
1086471
1086631
1086789
1086988
1087148
1087413
1087584
1087854
1088016
1088218
1088384
1088642
1088892
1089170
1089345
1089593
1089684
1089851
1090100
1090268
1090429
1090599
1090684
1090864
1091008
1091184
1091434
1091899
1092096
1092263
1092424
1092520
1092684
1092858
1093132
1093411
1093574
1093834
1094090
1094340
1094590
1094677
1094855
1095040
1095201
1095364
1095537
1095691
1095956
1096127
1096293
1096451
1096622
1096830
1096984
1097158
1097415
1097590
1097838
1098015
1098192
1098371
1098608
1098843
1099001
1099342
1099591
1099760
1100000
1100242
1100502
1100664
1100852
1101134
1101315
1101579
1101750
1101922
1102130
1102313
1102487
1102650
1102868
1103125
1103284
1103486
1103661
1103769
1103933
1104119
1104312
1104403
1104564
1104728
1104905
1105070
1105348
1105597
1105770
1105946
1106115
1106302
1106543
1106711
1106868
1106969
1107125
1107306
1107399
1107572
1107740
1107832
1108002
1108194
1108647
1108814
1108991
1109241
1109597
1109851
1110013
1110180
1110356
1110562
1110724
1110886
1111070
1111234
1111439
1111621
1111784
1111986
1112240
1112396
1112646
1112911
1113082
1113246
1113415
1113598
1113695
1113951
1114120
1114413
1114583
1114746
1114996
1115160
1115318
1115563
1115830
1116093
1116198
1116295
1116496
1116667
1116841
1117001
1117409
1117574
1117741
1117919
1118109
1118285
1118542
1118708
1118888
1119049
1119275
1119463
1119632
1119799
1120053
1120228
1120388
1120562
1120730
1120905
1121084
1121458
1121628
1121800
1121972
1122142
1122310
1122462
1122716
1122896
1123059
1123221
1123386
1123557
1123725
1123900
1124060
1124223
1124401
1124656
1124823
1125110
1125279
1125450
1125713
1125889
1126142
1126312
1126475
1126635
1126811
1127068
1127251
1127413
1127578
1127844
1128016
1128341
1128598
1128764
1128943
1129113
1129279
1129364
1129561
1129841
1130030
1130208
1130359
1130534
1130704
1130888
1131057
1131227
1131490
1131662
1131865
1132023
1132216
1132512
1132694
1132943
1133091
1133363
1133536
1133736
1133995
1134170
1134357
1134525
1134707
1134878
1134967
1135136
1135406
1135584
1135791
1135969
1136122
1136323
1136591
1136968
1137137
1137305
1137607
1137804
1137977
1138143
1138300
1138482
1138570
1138733
1138895
1139153
1139312
1139496
1139659
1139820
1140091
1140331
1140515
1140685
1140944
1141121
1141301
1141481
1141673
1141848
1142016
1142276
1142445
1142623
1142983
1143156
1143457
1143617
1143880
1144133
1144310
1144497
1144650
1144821
1145076
1145248
1145513
1145620
1145957
1146123
1146401
1146566
1146733
1146909
1147072
1147325
1147519
1147790
1147967
1148167
1148438
1148694
1148869
1149024
1149207
1149379
1149542
1149799
1150143
1150308
1150568
1150833
1151008
1151177
1151351
1151606
1151866
1151969
1152138
1152431
1152532
1152713
1152960
1153049
1153311
1153480
1153762
1153932
1154116
1154279
1154467
1154641
1154908
1155087
1155423
1155596
1155758
1155919
1156200
1156447
1156779
1156949
1157122
1157306
1157469
1157651
1157937
1158163
1158350
1158533
1158705
1158976
1159153
1159333
1159521
1159690
1159854
1160034
1160204
1160468
1160730
1160822
1160998
1161168
1161414
1161599
1161771
1161939
1162064
1162267
1162433
1162693
1162857
1163044
1163214
1163399
1163574
1163739
1163907
1164166
1164441
1164810
1165091
1165277
1165443
1165631
1165793
1166048
1166254
1166511
1166699
1166872
1167140
1167322
1167492
1167828
1168088
1168360
1168706
1168889
1169049
1169218
1169481
1169647
1169934
1170107
1170445
1170730
1171015
1171460
1171626
1171878
1172218
1172474
1172734
1172822
1173009
1173105
1173371
1173563
1173729
1174113
1174284
1174459
1174708
1174964
1175129
1175299
1175675
1175926
1176215
1176465
1176820
1176989
1177303
1177558
1177744
1178029
1178192
1178455
1178606
1178766
1178953
1179204
1179369
1179734
1180082
1180253
1180430
1180609
1180767
1180948
1181108
1181297
1181553
1181712
1181903
1182073
1182333
1182604
1182878
1183137
1183393
1183678
1183955
1184123
1184308
1184464
1184638
1184805
1184969
1185149
1185402
1185573
1185738
1185895
1186155
1186335
1186541
1186723
1186907
1187059
1187229
1187404
1187577
1187900
1188072
1188241
1188400
1188567
1188713
1188984
1189079
1189239
1189394
1189559
1189726
1189891
1190056
1190212
1190371
1190637
1190804
1190992
1191167
1191331
1191484
1191638
1191792
1191948
1192109
1192258
1192420
1192584
1192828
1192975
1193138
1193298
1193456
1193617
1193768
1193924
1194086
1194247
1194400
1194522
1194683
1194847
1195060
1195146
1195300
1195475
1195634
1195800
1195924
1196079
1196324
1196486
1196642
1196801
1196965
1197130
1197366
1197554
1197723
1197876
1198019
1198175
1198334
1198483
1198642
1198800
1198958
1199120
1199279
1199440
1199607
1199778
1199935
1200105
1200269
1200437
1200605
1200769
1200923
1201158
1201398
1201579
1201730
1201892
1202048
1202209
1202443
1202668
1202821
1202981
1203135
1203291
1203431
1203586
1203744
1203895
1204137
1204390
1204558
1204729
1204892
1205112
1205262
1205426
1205583
1205741
1205912
1206083
1206253
1206405
1206574
1206659
1206815
1207056
1207301
1207545
1207714
1207864
1208027
1208191
1208356
1208511
1208671
1208820
1208970
1209132
1209292
1209450
1209605
1209780
1209937
1210093
1210339
1210535
1210684
1210846
1211020
1211180
1211348
1211518
1211708
1211863
1212087
1212301
1212463
1212620
1212788
1212957
1213188
1213431
1213595
1213815
1213976
1214136
1214374
1214543
1214711
1214881
1215052
1215211
1215448
1215704
1215858
1216085
1216256
1216430
1216587
1216742
1216980
1217146
1217321
1217486
1217646
1217780
1218019
1218205
1218361
1218531
1218764
1218928
1219089
1219237
1219396
1219482
1219646
1219801
1219994
1220155
1220355
1220501
1220666
1220827
1220998
1221183
1221337
1221509
1221676
1221871
1222034
1222266
1222451
1222603
1222769
1222853
1223018
1223170
1223331
1223485
1223659
1223820
1224026
1224197
1224366
1224524
1224684
1224881
1225053
1225213
1225354
1225437
1225620
1225851
1226042
1226215
1226374
1226572
1226760
1226902
1227061
1227210
1227383
1227665
1227928
1228149
1228358
1228505
1228671
1228828
1228992
1229171
1229370
1229539
1229728
1229894
1230075
1230355
1230477
1230663
1230887
1230998
1231210
1231391
1231567
1231748
1231908
1232059
1232309
1232477
1232645
1232830
1233023
1233212
1233373
1233562
1233726
1233894
1234127
1234309
1234566
1234739
1234930
1235167
1235403
1235581
1235749
1235995
1236185
1236349
1236514
1236704
1236866
1237061
1237228
1237392
1237593
1237762
1237943
1238112
1238296
1238489
1238792
1238949
1239201
1239354
1239563
1239732
1239952
1240181
1240371
1240530
1240737
1240900
1241052
1241277
1241480
1241689
1241900
1242062
1242218
1242358
1242567
1242772
1242967
1243165
1243403
1243559
1243828
1243991
1244190
1244452
1244632
1244788
1244972
1245065
1245497
1245664
1245830
1246021
1246184
1246381
1246618
1246830
1246958
1247173
1247335
1247467
1247590
1247712
1247910
1248114
1248382
1248555
1248774
1248969
1249139
1249525
1249724
1249916
1250106
1250263
1250539
1250717
1250891
1251101
1251348
1251524
1251730
1251990
1252244
1252412
1252586
1252792
1253023
1253209
1253409
1253569
1253764
1253992
1254184
1254336
1254513
1254709
1254972
1255249
1255380
1255544
1255716
1255881
1255994
1256162
1256372
1256558
1256768
1256970
1257204
1257393
1257566
1257728
1257856
1257990
1258181
1258360
1258520
1258694
1258961
1259167
1259255
1259447
1259582
1259779
1259961
1260146
1260317
1260555
1260775
1260912
1261193
1261387
1261603
1261762
1261888
1262147
1262357
1262544
1262769
1262978
1263213
1263462
1263663
1263896
1264166
1264419
1264641
1264884
1265019
1265239
1265429
1265626
1265817
1265941
1266223
1266443
1266652
1266848
1267013
1267211
1267425
1267606
1267815
1267978
1268307
1268437
1268659
1268872
1269148
1269313
1269519
1269767
1269936
1270146
1270347
1270645
1270837
1271052
1271215
1271404
1271653
1271862
1272078
1272196
1272474
1272708
1272820
1273112
1273271
1273490
1273664
1273805
1274061
1274271
1274550
1274768
1275036
1275316
1275519
1275688
1275857
1276036
1276231
1276551
1276711
1276966
1277145
1277349
1277487
1277707
1277967
1278207
1278414
1278584
1278769
1279013
1279216
1279380
1279542
1279782
1279987
1280143
1280319
1280473
1280623
1280892
1281182
1281365
1281556
1281711
1281937
1282104
1282338
1282542
1282772
1283073
1283277
1283448
1283582
1283767
1283942
1284069
1284316
1284472
1284694
1284991
1285111
1285324
1285635
1285820
1285953
1286242
1286443
1286583
1286778
1286945
1287120
1287323
1287573
1287796
1288013
1288174
1288369
1288558
1288770
1288986
1289165
1289419
1289645
1289850
1290109
1290295
1290617
1290817
1290982
1291147
1291451
1291628
1291830
1291994
1292184
1292358
1292484
1292654
1292888
1293088
1293357
1293522
1293760
1293932
1294128
1294362
1294498
1294764
1295001
1295135
1295396
1295534
1295721
1295915
1296147
1296344
1296569
1296773
1296955
1297081
1297250
1297446
1297709
1297876
1298052
1298240
1298442
1298593
1298765
1298897
1298988
1299155
1299332
1299570
1299801
1299943
1300274
1300485
1300651
1300817
1300974
1301167
1301333
1301584
1301869
1302156
1302326
1302478
1302667
1302871
1303150
1303375
1303582
1303760
1303935
1304172
1304307
1304533
1304748
1304913
1305155
1305294
1305450
1305634
1305798
1306034
1306127
1306325
1306609
1306782
1306963
1307099
1307279
1307407
1307598
1307754
1307928
1308128
1308312
1308551
1308710
1308876
1309024
1309196
1309382
1309581
1309766
1309961
1310117
1310353
1310510
1310680
1310855
1311027
1311261
1311473
1311649
1311831
1312041
1312241
1312460
1312689
1312873
1313118
1313278
1313469
1313697
1313919
1314133
1314235
1314368
1314545
1314727
1314897
1315004
1315190
1315357
1315567
1315662
1315911
1316085
1316193
1316448
1316656
1316849
1317051
1317289
1317396
1317668
1317971
1318227
1318386
1318564
1318766
1318979
1319184
1319374
1319549
1319740
1319940
1320038
1320133
1320331
1320573
1320728
1320934
1321136
1321343
1321528
1321715
1321877
1322083
1322297
1322387
1322563
1322753
1322997
1323156
1323276
1323483
1323652
1323900
1324137
1324415
1324593
1324790
1324959
1325095
1325270
1325436
1325596
1325795
1325949
1326153
1326269
1326440
1326620
1326870
1327043
1327215
1327334
1327475
1327605
1327771
1327928
1328128
1328297
1328462
1328660
1328901
1329027
1329153
1329384
1329546
1329741
1329996
1330169
1330284
1330379
1330574
1330741
1330910
1331066
1331328
1331536
1331714
1331951
1332127
1332329
1332485
1332678
1332844
1333127
1333301
1333469
1333653
1333854
1334132
1334304
1334463
1334629
1334806
1335068
1335229
1335442
1335650
1335960
1336167
1336389
1336506
1336670
1336845
1337044
1337230
1337408
1337569
1337841
1338088
1338272
1338446
1338687
1338875
1338976
1339129
1339280
1339486
1339665
1339840
1340054
1340269
1340573
1340871
1341066
1341259
1341389
1341592
1341888
1342128
1342230
1342423
1342519
1342701
1342927
1343082
1343444
1343603
1343809
1343956
1344162
1344342
1344472
1344658
1344884
1345127
1345355
1345565
1345771
1346043
1346232
1346449
1346674
1346876
1347075
1347266
1347423
1347516
1347687
1347860
1348121
1348361
1348613
1348796
1349044
1349306
1349666
1349860
1350149
1350319
1350498
1350675
1350878
1351030
1351228
1351460
1351635
1351899
1352081
1352337
1352532
1352777
1353026
1353213
1353394
1353625
1353804
1353972
1354206
1354505
1354686
1354941
1355172
1355500
1355697
1355893
1356072
1356244
1356425
1356754
1357054
1357270
1357514
1357703
1357907
1358131
1358338
1358586
1358780
1358957
1359190
1359360
1359608
1359778
1360019
1360223
1360470
1360662
1361088
1361268
1361435
1361593
1361755
1362008
1362169
1362398
1362569
1362756
1362926
1363111
1363300
1363486
1363740
1363972
1364186
1364436
1364710
1364962
1365132
1365321
1365445
1365572
1365784
1365892
1366062
1366241
1366506
1366749
1367005
1367292
1367446
1367689
1367909
1368070
1368349
1368552
1368756
1368976
1369113
1369323
1369577
1369733
1369935
1370228
1370411
1370695
1370879
1371043
1371301
1371556
1371860
1372079
1372274
1372482
1372644
1372890
1373026
1373208
1373367
1373568
1373743
1374016
1374167
1374465
1374720
1375006
1375212
1375403
1375606
1375821
1376001
1376202
1376421
1376584
1376859
1377112
1377335
1377558
1377760
1378006
1378238
1378439
1378628
1378755
1378919
1379090
1379303
1379480
1379684
1379964
1380179
1380400
1380648
1380906
1381203
1381367
1381541
1381752
1381975
1382263
1382464
1382764
1382943
1383218
1383601
1383869
1384104
1384293
1384494
1384745
1385061
1385198
1385428
1385683
1385903
1386086
1386281
1386631
1386880
1387154
1387349
1387528
1387732
1387987
1388153
1388405
1388601
1388875
1389079
1389323
1389560
1389717
1389922
1390093
1390234
1390406
1390659
1390898
1391110
1391323
1391604
1391899
1392116
1392347
1392629
1392918
1393131
1393315
1393450
1393831
1394025
1394165
1394483
1394739
1394913
1395090
1395244
1395508
1395697
1395913
1396190
1396405
1396592
1396730
1396934
1397123
1397277
1397487
1397732
1397942
1398214
1398383
1398648
1398821
1398956
1399127
1399296
1399508
1399722
1399882
1400048
1400316
1400490
1400727
1400973
1401158
1401328
1401504
1401749
1401986
1402223
1402488
1402656
1402880
1403110
1403344
1403508
1403679
1403898
1404083
1404315
1404553
1404761
1405040
1405342
1405584
1405819
1406062
1406292
1406419
1406671
1406942
1407159
1407482
1407729
1407856
1408103
1408316
1408551
1408767
1408985
1409172
1409437
1409665
1409862
1410022
1410204
1410404
1410654
1410816
1411148
1411351
1411579
1411854
1412025
1412340
1412555
1412713
1412852
1413031
1413237
1413435
1413631
1413910
1414092
1414302
1414469
1414722
1414908
1415127
1415325
1415574
1415832
1416054
1416248
1416495
1416871
1417095
1417264
1417439
1417654
1417823
1417982
1418244
1418415
1418698
1418954
1419166
1419442
1419689
1419939
1420151
1420336
1420575
1420754
1420941
1421149
1421344
1421515
1421724
1421971
1422243
1422496
1422652
1422821
1423002
1423262
1423430
1423676
1423890
1424132
1424430
1424660
1424836
1424998
1425253
1425435
1425606
1425937
1426148
1426363
1426647
1426860
1427151
1427523
1427769
1427956
1428233
1428398
1428572
1428781
1429046
1429361
1429564
1429750
1429953
1430126
1430369
1430530
1430707
1430887
1431107
1431269
1431520
1431716
1431860
1432063
1432275
1432588
1432770
1432993
1433178
1433421
1433589
1433837
1434108
1434388
1434590
1434867
1435131
1435335
1435506
1435679
1435860
1436086
1436238
1436494
1436698
1436870
1437047
1437233
1437400
1437576
1437767
1438034
1438241
1438585
1438822
1438984
1439273
1439472
1439605
1439826
1440019
1440144
1440360
1440569
1440707
1440950
1441124
1441290
1441469
1441763
1441954
1442263
1442474
1442708
1442894
1443108
1443326
1443508
1443750
1443919
1444090
1444353
1444533
1444701
1444971
1445177
1445405
1445637
1445873
1446110
1446354
1446569
1446827
1447039
1447234
1447508
1447729
1447958
1448171
1448387
1448567
1448783
1448998
1449191
1449332
1449565
1449739
1449994
1450222
1450478
1450626
1450867
1451123
1451345
1451516
1451728
1451966
1452200
1452388
1452590
1452754
1452935
1453165
1453348
1453507
1453665
1453929
1454203
1454348
1454554
1454815
1454980
1455245
1455516
1455720
1455889
1456059
1456251
1456450
1456660
1456834
1457028
1457264
1457445
1457698
1457961
1458212
1458376
1458557
1458736
1458926
1459093
1459265
1459476
1459687
1459947
1460141
1460327
1460506
1460704
1460876
1461076
1461235
1461422
1461711
1461869
1462213
1462468
1462665
1462938
1463210
1463394
1463594
1463826
1464060
1464265
1464461
1464592
1464821
1465055
1465271
1465528
1465861
1466151
1466328
1466519
1466747
1466948
1467212
1467465
1467702
1467961
1468123
1468356
1468534
1468800
1469002
1469230
1469408
1469619
1469820
1469957
1470146
1470355
1470494
1470699
1470896
1471152
1471328
1471474
1471633
1471808
1471974
1472214
1472538
1472745
1472901
1473077
1473251
1473434
1473648
1473838
1474021
1474270
1474478
1474715
1474976
1475131
1475382
1475550
1475807
1475982
1476162
1476288
1476518
1476721
1476884
1477138
1477378
1477649
1477821
1478002
1478270
1478477
1478660
1478847
1478972
1479189
1479376
1479579
1479842
1479964
1480168
1480335
1480508
1480712
1480928
1481278
1481565
1481735
1482033
1482283
1482567
1482811
1483045
1483272
1483464
1483635
1483783
1484026
1484194
1484409
1484623
1484822
1485012
1485248
1485446
1485730
1485911
1486087
1486340
1486505
1486675
1486843
1487010
1487158
1487423
1487629
1487880
1488018
1488191
1488368
1488542
1488749
1488927
1489130
1489295
1489458
1489657
1489869
1490121
1490376
1490538
1490856
1491146
1491356
1491623
1491830
1492035
1492276
1492560
1492891
1493164
1493396
1493666
1493944
1494069
1494252
1494423
1494659
1494955
1495148
1495330
1495533
1495716
1495893
1496155
1496340
1496571
1496704
1496860
1497025
1497267
1497523
1497742
1497982
1498145
1498315
1498527
1498746
1498960
1499121
1499280
1499518
1499656
1499870
1500078
1500268
1500451
1500666
1500829
1501041
1501291
1501477
1501734
1501926
1502083
1502264
1502451
1502661
1502817
1502973
1503198
1503415
1503597
1503856
1504043
1504211
1504459
1504639
1504810
1505066
1505308
1505531
1505673
1505854
1506053
1506273
1506473
1506671
1506976
1507198
1507416
1507628
1507951
1508151
1508337
1508545
1508775
1508937
1509203
1509400
1509649
1509928
1510126
1510303
1510502
1510750
1510934
1511217
1511431
1511604
1511849
1512052
1512190
1512438
1512644
1512996
1513237
1513411
1513579
1513829
1514032
1514208
1514361
1514534
1514703
1514879
1515090
1515267
1515559
1515846
1516085
1516300
1516528
1516706
1516947
1517110
1517292
1517546
1517734
1517915
1518100
1518273
1518563
1518746
1518936
1519149
1519377
1519527
1519853
1520020
1520190
1520385
1520548
1520848
1521108
1521348
1521500
1521683
1521952
1522155
1522326
1522508
1522788
1522954
1523160
1523497
1523661
1523901
1524262
1524496
1524813
1525023
1525287
1525541
1525736
1525940
1526186
1526484
1526717
1526955
1527149
1527464
1527644
1527841
1528110
1528304
1528506
1528677
1528814
1529044
1529294
1529466
1529681
1529932
1530136
1530364
1530496
1530704
1530892
1531086
1531291
1531432
1531561
1531711
1531956
1532231
1532413
1532584
1532821
1533058
1533234
1533421
1533563
1533812
1534032
1534170
1534481
1534616
1534881
1535066
1535249
1535525
1535703
1535940
1536127
1536312
1536523
1536788
1537051
1537312
1537438
1537664
1537839
1537974
1538159
1538396
1538588
1538758
1538920
1539153
1539358
1539535
1539658
1539862
1540080
1540250
1540392
1540569
1540801
1540939
1541099
1541249
1541491
1541635
1541979
1542150
1542398
1542590
1542904
1543149
1543509
1543729
1544122
1544363
1544601
1544805
1544961
1545199
1545469
1545710
1545955
1546130
1546353
1546613
1546857
1547085
1547312
1547531
1547773
1548087
1548272
1548519
1548726
1548889
1549089
1549338
1549608
1549829
1550041
1550220
1550459
1550756
1550952
1551084
1551269
1551512
1551677
1551884
1552021
1552308
1552578
1552769
1552984
1553179
1553431
1553715
1553963
1554130
1554381
1554593
1554849
1555077
1555268
1555409
1555606
1555865
1556046
1556308
1556498
1556734
1556933
1557096
1557238
1557437
1557623
1557905
1558206
1558440
1558643
1558822
1559091
1559265
1559549
1559854
1560025
1560350
1560545
1560719
1560905
1561074
1561314
1561530
1561787
1561978
1562187
1562383
1562616
1562813
1562991
1563321
1563567
1563722
1563909
1564143
1564333
1564488
1564689
1564848
1565024
1565208
1565334
1565509
1565707
1565891
1566152
1566415
1566683
1566892
1567065
1567236
1567527
1567774
1568079
1568350
1568536
1568855
1569019
1569209
1569378
1569591
1569714
1569896
1570075
1570252
1570501
1570719
1570902
1571109
1571261
1571495
1571674
1571859
1572080
1572223
1572395
1572619
1572832
1573028
1573208
1573449
1573713
1573886
1574045
1574286
1574524
1574855
1575186
1575440
1575650
1575908
1576145
1576369
1576561
1576740
1577134
1577313
1577527
1577720
1577978
1578198
1578368
1578549
1578887
1579089
1579355
1579604
1579864
1580063
1580230
1580469
1580660
1580830
1581022
1581206
1581390
1581607
1581937
1582251
1582486
1582667
1582908
1583184
1583370
1583529
1583694
1583939
1584219
1584398
1584596
1584852
1585168
1585425
1585603
1585859
1586097
1586272
1586579
1586750
1586920
1587116
1587324
1587459
1587710
1587967
1588243
1588433
1588706
1588893
1589130
1589325
1589553
1589797
1590035
1590226
1590437
1590627
1590776
1591053
1591194
1591366
1591543
1591757
1592005
1592176
1592367
1592673
1592871
1593072
1593316
1593570
1593773
1594019
1594155
1594355
1594534
1594776
1594957
1595308
1595527
1595737
1595960
1596128
1596329
1596583
1596788
1597030
1597251
1597455
1597857
1598126
1598295
1598486
1598721
1598867
1599020
1599198
1599394
1599550
1599743
1599964
1600211
1600465
1600636
1600815
1600997
1601252
1601481
1601658
1601850
1602059
1602245
1602433
1602697
1602943
1603125
1603294
1603575
1603862
1604180
1604440
1604709
1605049
1605288
1605578
1605739
1605967
1606187
1606433
1606655
1606923
1607091
1607406
1607576
1607769
1607979
1608111
1608328
1608568
1608750
1608969
1609150
1609332
1609504
1609676
1609917
1610119
1610435
1610693
1610921
1611105
1611348
1611597
1611765
1611933
1612109
1612336
1612525
1612749
1612918
1613108
1613375
1613534
1613817
1614023
1614180
1614403
1614637
1614800
1615051
1615215
1615433
1615647
1615811
1616004
1616175
1616421
1616657
1616897
1617104
1617329
1617512
1617758
1618085
1618301
1618552
1618738
1618912
1619167
1619430
1619609
1619777
1620033
1620299
1620593
1620849
1621135
1621302
1621530
1621807
1621967
1622218
1622392
1622590
1622794
1622997
1623231
1623394
1623671
1623873
1624032
1624253
1624514
1624701
1625027
1625283
1625530
1625743
1625955
1626139
1626389
1626551
1626811
1626976
1627234
1627443
1627623
1627872
1628120
1628304
1628589
1628926
1629097
1629261
1629517
1629669
1629862
1630035
1630199
1630481
1630704
1630867
1631150
1631406
1631588
1631955
1632167
1632305
1632548
1632807
1632998
1633187
1633355
1633536
1633787
1633968
1634161
1634356
1634594
1634795
1634971
1635230
1635405
1635566
1635852
1636105
1636370
1636631
1636758
1636964
1637165
1637482
1637673
1637902
1638177
1638383
1638562
1638725
1638971
1639171
1639420
1639601
1639808
1640026
1640262
1640522
1640860
1641174
1641413
1641648
1641885
1642198
1642368
1642542
1642761
1642976
1643188
1643449
1643696
1643947
1644184
1644399
1644617
1644816
1644994
1645224
1645403
1645626
1645795
1645962
1646136
1646331
1646498
1646680
1646883
1647049
1647259
1647438
1647601
1647918
1648152
1648489
1648759
1648959
1649103
1649359
1649559
1649794
1650034
1650200
1650401
1650583
1650784
1651014
1651305
1651510
1651682
1651912
1652070
1652266
1652717
1652913
1653150
1653393
1653545
1653811
1654128
1654417
1654675
1654830
1654988
1655154
1655393
1655594
1655927
1656241
1656512
1656725
1657005
1657264
1657509
1657750
1658033
1658268
1658419
1658583
1658780
1659036
1659226
1659466
1659641
1659883
1660143
1660258
1660387
1660581
1660784
1661174
1661385
1661602
1661763
1661920
1662150
1662438
1662638
1662813
1662987
1663156
1663499
1663755
1664058
1664239
1664431
1664634
1664879
1665131
1665341
1665596
1665858
1666035
1666287
1666507
1666639
1666808
1667104
1667347
1667552
1667803
1668001
1668165
1668364
1668591
1668772
1668999
1669122
1669302
1669516
1669699
1669883
1670123
1670295
1670588
1670798
1670997
1671259
1671429
1671807
1672126
1672338
1672559
1672727
1672929
1673214
1673459
1673737
1673999
1674223
1674452
1674664
1674834
1675003
1675244
1675443
1675674
1675963
1676229
1676424
1676674
1677000
1677244
1677459
1677792
1678063
1678284
1678420
1678583
1678818
1679224
1679439
1679662
1679942
1680107
1680327
1680616
1680784
1681010
1681279
1681609
1681900
1682176
1682415
1682581
1682795
1683029
1683185
1683471
1683708
1684014
1684193
1684432
1684734
1684962
1685223
1685398
1685745
1685911
1686271
1686510
1686689
1686870
1687122
1687289
1687464
1687768
1687982
1688143
1688401
1688542
1688716
1689022
1689206
1689389
1689675
1689880
1690097
1690317
1690653
1690915
1691131
1691403
1691626
1691813
1692000
1692248
1692419
1692725
1692910
1693155
1693366
1693681
1693856
1694192
1694428
1694657
1694877
1695114
1695384
1695630
1695947
1696158
1696332
1696583
1696820
1697014
1697355
1697538
1697677
1697941
1698120
1698377
1698637
1698830
1699120
1699354
1699604
1699809
1700055
1700279
1700465
1700706
1700884
1701146
1701335
1701501
1701757
1701990
1702257
1702459
1702694
1702975
1703130
1703338
1703607
1703796
1703979
1704317
1704497
1704713
1704909
1705078
1705252
1705476
1705750
1705952
1706134
1706398
1706594
1706866
1707182
1707413
1707595
1707925
1708149
1708358
1708614
1708745
1708921
1709169
1709434
1709758
1710004
1710202
1710457
1710730
1710915
1711072
1711357
1711542
1711719
1711883
1712187
1712437
1712624
1712869
1713113
1713320
1713563
1713746
1713975
1714271
1714531
1714792
1714988
1715268
1715432
1715600
1715847
1716088
1716300
1716470
1716679
1716872
1717097
1717348
1717659
1717842
1718022
1718260
1718478
1718622
1718854
1719013
1719226
1719488
1719734
1719948
1720120
1720441
1720627
1720829
1721036
1721200
1721441
1721690
1721915
1722159
1722439
1722697
1722945
1723183
1723348
1723604
1723876
1724063
1724306
1724530
1724790
1724964
1725128
1725413
1725695
1725961
1726122
1726292
1726529
1726704
1726861
1727021
1727203
1727390
1727567
1727732
1727905
1728104
1728341
1728522
1728727
1728908
1729088
1729363
1729541
1729702
1729964
1730243
1730472
1730650
1730821
1730991
1731173
1731333
1731492
1731775
1732064
1732388
1732620
1732872
1733047
1733241
1733397
1733590
1733769
1734012
1734274
1734478
1734672
1734924
1735141
1735361
1735611
1735861
1736079
1736286
1736578
1736808
1737031
1737231
1737398
1737574
1737868
1738082
1738440
1738720
1738960
1739191
1739449
1739730
1739971
1740203
1740402
1740648
1740937
1741134
1741461
1741672
1741925
1742212
1742385
1742611
1742846
1743054
1743314
1743523
1743736
1743976
1744260
1744511
1744689
1744933
1745253
1745494
1745732
1745947
1746125
1746360
1746523
1746812
1747121
1747295
1747468
1747776
1748015
1748270
1748524
1748670
1748997
1749215
1749512
1749843
1750075
1750258
1750550
1750838
1751002
1751196
1751395
1751730
1751922
1752193
1752439
1752660
1752830
1753067
1753351
1753522
1753772
1754041
1754343
1754589
1754750
1754936
1755084
1755327
1755499
1755691
1755887
1756131
1756331
1756582
1756850
1757259
1757436
1757664
1757943
1758115
1758388
1758561
1758736
1758912
1759170
1759476
1759702
1759967
1760136
1760436
1760652
1760889
1761150
1761424
1761727
1761988
1762155
1762375
1762572
1762769
1763006
1763405
1763616
1763795
1763971
1764249
1764425
1764708
1764905
1765096
1765306
1765462
1765716
1765889
1766101
1766282
1766511
1766745
1766984
1767230
1767386
1767544
1767759
1768043
1768298
1768537
1768834
1769069
1769314
1769523
1769702
1769991
1770284
1770505
1770685
1770897
1771120
1771303
1771544
1771747
1771914
1772103
1772347
1772653
1772895
1773112
1773281
1773454
1773732
1773956
1774122
1774365
1774580
1774809
1775082
1775294
1775445
1775603
1775898
1776140
1776375
1776730
1776998
1777152
1777392
1777628
1777937
1778232
1778424
1778590
1778929
1779099
1779309
1779645
1779816
1779991
1780232
1780513
1780694
1780911
1781072
1781305
1781569
1781786
1782010
1782194
1782443
1782583
1782824
1782986
1783215
1783488
1783657
1783927
1784099
1784405
1784599
1784856
1785095
1785369
1785534
1785784
1786000
1786234
1786441
1786804
1787068
1787234
1787523
1787760
1788004
1788244
1788394
1788645
1788939
1789102
1789254
1789527
1789932
1790112
1790453
1790641
1790905
1791090
1791398
1791569
1791769
1791929
1792169
1792331
1792551
1792788
1792963
1793130
1793379
1793631
1793858
1794054
1794239
1794443
1794737
1795082
1795323
1795567
1795777
1796036
1796278
1796470
1796652
1796935
1797095
1797333
1797556
1797757
1797986
1798166
1798399
1798651
1798820
1799030
1799188
1799444
1799740
1799971
1800235
1800410
1800654
1800841
1801062
1801289
1801480
1801673
1801834
1801994
1802170
1802324
1802569
1802747
1802927
1803308
1803637
1803862
1804177
1804378
1804715
1804921
1805105
1805379
1805680
1805925
1806128
1806351
1806603
1806788
1806930
1807222
1807422
1807645
1807927
1808128
1808295
1808567
1808756
1809013
1809173
1809471
1809730
1809972
1810170
1810376
1810559
1810816
1811069
1811324
1811588
1811802
1812029
1812240
1812411
1812657
1812826
1812993
1813229
1813409
1813646
1813805
1813999
1814171
1814363
1814590
1814853
1815067
1815241
1815482
1815739
1815929
1816190
1816392
1816590
1816850
1817085
1817429
1817595
1817750
1818003
1818176
1818456
1818691
1818857
1819104
1819317
1819518
1819784
1820029
1820241
1820493
1820756
1820930
1821183
1821358
1821600
1821785
1821989
1822142
1822375
1822652
1822897
1823079
1823265
1823467
1823724
1823958
1824227
1824408
1824625
1824890
1825079
1825390
1825655
1825896
1826306
1826482
1826715
1826903
1827150
1827396
1827569
1827715
1827972
1828310
1828533
1828728
1828967
1829427
1829651
1829873
1830048
1830285
1830448
1830752
1830937
1831227
1831482
1831725
1831920
1832146
1832323
1832529
1832730
1832917
1833177
1833395
1833561
1833789
1834042
1834429
1834630
1834799
1835059
1835271
1835538
1835811
1836033
1836352
1836678
1836870
1837127
1837303
1837536
1837705
1838064
1838232
1838403
1838584
1838826
1839104
1839284
1839449
1839629
1839864
1840025
1840202
1840404
1840650
1840932
1841163
1841374
1841622
1841780
1842096
1842501
1842630
1842800
1842980
1843145
1843468
1843765
1843970
1844176
1844463
1844642
1845001
1845203
1845369
1845674
1845805
1846071
1846378
1846567
1846871
1847135
1847299
1847560
1847832
1847995
1848218
1848457
1848748
1848915
1849160
1849340
1849605
1849848
1850223
1850455
1850627
1850806
1851075
1851389
1851547
1851720
1851966
1852228
1852594
1852769
1853004
1853282
1853446
1853767
1854005
1854270
1854557
1854707
1854908
1855089
1855278
1855446
1855643
1855892
1856180
1856376
1856626
1856858
1857040
1857276
1857578
1857704
1857970
1858154
1858319
1858556
1858793
1859060
1859304
1859498
1859590
1859836
1860006
1860222
1860607
1860956
1861187
1861421
1861769
1861991
1862156
1862327
1862624
1862884
1863145
1863404
1863658
1864065
1864304
1864474
1864659
1864895
1865157
1865327
1865491
1865705
1866075
1866231
1866465
1866664
1867053
1867363
1867565
1867765
1867942
1868172
1868332
1868578
1868747
1868900
1869144
1869369
1869532
1869764
1869951
1870179
1870345
1870501
1870740
1870897
1871065
1871309
1871513
1871698
1871941
1872108
1872345
1872546
1872732
1872912
1873051
1873236
1873428
1873635
1873875
1874064
1874280
1874475
1874704
1874852
1875036
1875206
1875500
1875664
1875987
1876205
1876463
1876667
1876999
1877198
1877446
1877658
1877853
1878104
1878243
1878440
1878730
1879020
1879224
1879480
1879758
1879995
1880269
1880574
1880978
1881227
1881484
1881707
1881939
1882173
1882414
1882643
1882990
1883266
1883495
1883658
1883872
1884056
1884229
1884393
1884562
1884799
1885087
1885422
1885696
1885926
1886194
1886374
1886597
1886754
1886930
1887114
1887288
1887510
1887703
1887881
1888037
1888242
1888479
1888717
1888902
1889111
1889358
1889571
1889722
1889974
1890135
1890385
1890573
1890760
1890976
1891213
1891414
1891598
1891831
1892073
1892246
1892412
1892653
1892827
1893145
1893381
1893661
1893836
1894003
1894250
1894422
1894654
1894841
1895023
1895282
1895494
1895719
1895890
1896098
1896370
1896522
1896756
1897028
1897175
1897328
1897563
1897738
1898000
1898194
1898409
1898633
1898835
1899002
1899344
1899516
1899730
1899973
1900168
1900363
1900552
1900797
1900991
1901298
1901632
1901829
1902011
1902243
1902474
1902642
1902859
1903069
1903240
1903531
1903773
1903938
1904125
1904299
1904548
1904715
1905049
1905220
1905531
1905748
1905933
1906180
1906433
1906616
1906917
1907171
1907354
1907530
1907737
1907910
1908167
1908448
1908651
1908926
1909080
1909329
1909520
1909771
1909999
1910272
1910528
1910740
1910930
1911149
1911309
1911510
1911714
1911873
1912123
1912483
1912723
1912943
1913107
1913388
1913700
1913946
1914210
1914372
1914596
1914934
1915200
1915399
1915766
1915928
1916146
1916414
1916632
1916866
1917098
1917356
1917613
1917843
1918035
1918281
1918457
1918686
1918863
1919116
1919313
1919646
1919789
1920027
1920260
1920434
1920617
1920772
1920953
1921193
1921447
1921629
1921809
1922055
1922296
1922536
1922759
1923025
1923307
1923543
1923773
1924021
1924334
1924515
1924752
1924930
1925091
1925263
1925426
1925618
1925811
1926004
1926245
1926461
1926697
1926864
1927118
1927445
1927745
1927944
1928130
1928401
1928609
1928852
1929024
1929235
1929456
1929665
1929848
1930097
1930269
1930567
1930765
1931066
1931258
1931470
1931662
1931915
1932091
1932307
1932587
1932792
1933102
1933269
1933425
1933629
1933796
1934003
1934152
1934324
1934457
1934779
1935021
1935287
1935529
1935781
1936013
1936267
1936466
1936693
1936931
1937167
1937334
1937519
1937700
1937858
1938022
1938318
1938519
1938686
1938857
1939128
1939300
1939606
1939787
1939955
1940205
1940383
1940642
1940877
1941135
1941299
1941469
1941649
1941960
1942157
1942320
1942626
1942898
1943062
1943198
1943381
1943614
1943838
1944085
1944263
1944520
1944704
1944987
1945248
1945551
1945767
1946027
1946280
1946459
1946765
1946999
1947189
1947417
1947672
1947869
1948159
1948322
1948500
1948711
1948879
1949091
1949373
1949530
1949774
1950033
1950271
1950449
1950624
1950893
1951134
1951374
1951618
1951859
1952086
1952334
1952673
1952978
1953373
1953647
1953888
1954050
1954244
1954505
1954666
1954995
1955165
1955371
1955603
1955858
1956038
1956288
1956458
1956701
1956923
1957188
1957453
1957758
1957925
1958107
1958372
1958598
1958795
1959000
1959337
1959518
1959709
1959891
1960032
1960360
1960527
1960782
1961011
1961263
1961464
1961631
1961803
1961965
1962186
1962414
1962579
1962771
1963006
1963252
1963424
1963647
1963802
1963932
1964181
1964444
1964734
1965038
1965317
1965672
1965837
1966143
1966367
1966589
1966870
1967053
1967269
1967448
1967647
1967796
1967927
1968199
1968462
1968647
1968879
1969084
1969354
1969549
1969737
1969945
1970197
1970453
1970623
1970870
1971115
1971311
1971534
1971770
1972029
1972239
1972470
1972707
1972870
1973046
1973246
1973430
1973636
1973797
1974039
1974200
1974367
1974632
1974888
1975124
1975334
1975572
1975783
1976027
1976270
1976519
1976806
1976925
1977289
1977537
1977702
1977925
1978167
1978499
1978763
1979004
1979170
1979353
1979588
1979851
1980093
1980292
1980490
1980628
1980869
1981101
1981338
1981573
1981806
1982032
1982197
1982490
1982823
1983030
1983229
1983491
1983672
1983988
1984183
1984344
1984600
1984823
1985086
1985251
1985433
1985622
1985812
1986047
1986251
1986549
1986716
1986891
1987162
1987445
1987709
1987997
1988277
1988451
1988692
1988899
1989068
1989280
1989469
1989710
1989914
1990159
1990355
1990556
1990716
1990913
1991250
1991508
1991668
1991854
1992127
1992412
1992649
1992839
1993039
1993234
1993433
1993776
1994030
1994203
1994376
1994646
1994844
1995114
1995326
1995528
1995735
1996005
1996260
1996445
1996617
1996798
1997003
1997203
1997362
1997537
1997706
1997940
1998264
1998454
1998658
1998871
1999051
1999320
1999548
1999795
2000051
2000365
2000474
2000678
2000905
2001161
2001370
2001609
2001884
2002057
2002240
2002471
2002734
2002950
2003215
2003460
2003616
2003847
2004081
2004342
2004529
2004754
2004916
2005099
2005263
2005499
2005661
2005867
2006062
2006299
2006483
2006761
2007002
2007214
2007538
2007754
2007928
2008156
2008406
2008741
2008949
2009269
2009518
2009809
2010036
2010327
2010560
2010748
2011038
2011253
2011430
2011674
2011846
2012089
2012273
2012493
2012672
2013126
2013302
2013566
2013755
2013993
2014228
2014403
2014707
2014890
2015134
2015309
2015571
2015928
2016082
2016299
2016647
2016800
2017057
2017281
2017577
2017863
2018126
2018391
2018645
2018864
2019090
2019408
2019677
2019915
2020169
2020407
2020624
2020861
2021075
2021317
2021567
2021724
2021910
2022111
2022344
2022620
2022859
2023114
2023290
2023534
2023782
2024004
2024290
2024560
2024810
2025119
2025368
2025594
2025759
2026099
2026348
2026707
2027004
2027372
2027526
2027806
2028000
2028148
2028431
2028625
2028838
2029025
2029183
2029441
2029710
2029969
2030297
2030641
2030915
2031186
2031413
2031721
2031957
2032118
2032284
2032488
2032721
2032876
2033261
2033469
2033714
2034052
2034322
2034514
2034785
2035040
2035333
2035665
2035894
2036207
2036375
2036642
2036866
2037075
2037376
2037649
2037975
2038213
2038392
2038571
2038821
2038999
2039258
2039502
2039689
2039886
2040117
2040275
2040522
2040779
2041035
2041289
2041528
2041682
2041914
2042177
2042330
2042490
2042735
2042972
2043200
2043373
2043610
2043872
2044081
2044264
2044466
2044669
2044983
2045137
2045381
2045652
2045898
2046068
2046346
2046520
2046743
2047006
2047182
2047521
2047714
2047987
2048233
2048517
2048707
2048954
2049233
2049402
2049618
2049835
2050068
2050275
2050541
2050779
2050954
2051204
2051615
2051887
2052115
2052332
2052534
2052705
2052986
2053188
2053395
2053643
2053865
2054125
2054279
2054525
2054778
2055009