3.0536607360169787
31.497449858129368
43.32757975566223
30.382663454239307
13.618722398182253
9.733650989137661
0.7664260986111752
29.690503111820824
44.8029960096021
32.96704357901829
26.953346306486445
20.716157275163287
27.584191334129443
33.60758584701556
17.293982392136115
22.651928040907134
26.65480864532186
32.27717350598259
29.797749702477443
29.958497383621737
31.83673185926316
31.4223394342807
32.04019495796111
32.75196464791795
38.09762421544427
35.94632122096228
29.614164475176484
35.098174887453226
32.24882047780343
30.76632344655879
-18.241828625904017
16.064920173267577
-25.449586302375547
-20.81033790730523
-22.915524921114184
-17.267982622807637
-20.809192714098337
-22.695680533320683
-18.608359546341386
-14.251453722642307
-26.27022255283049
-18.299662840485723
-22.685271532636126
-26.912337613395184
-26.850486680536847
-26.959728885587037
-15.666314112920102
-13.77951803122697
-15.115610810573612
-12.36215196783201
-27.83240223548207
-17.76023862788262
-15.175948179639882
-25.081258566012952
-18.256156855403887
-24.437277238929166
-18.24376126392274
-23.208714206725546
10.890056541644396
5.05765706732012
26.874293209042776
25.078979017798144
3.634001348791021
6.603380337524725
13.603192959095221
13.378666659647658
10.35928361515165
19.972806153215558
20.610478606708636
0.23347507836308268
14.345943699160548
26.434066497100698
-4.0572072023054675
-16.153789983662517
-6.35488425776017
-28.566884153494176
-2.387265594587726
32.59660421221544
20.48993034774909
-10.608539810528626
-8.21539324321976
-3.9879601529565165
19.472561549886546
23.81799094151942
23.76248856650332
-0.6343613579911738
18.941353975676385
24.341391212772738
28.816756006807605
14.392370346995795
12.592159964827633
27.730674091744135
14.015304625004088
25.354647585269337
34.50297755508366
22.271404294795
20.318451713822363
22.864181371467602
9.705000659168244
18.027654533829228
15.520509038593445
25.62735504428586
20.62216783704009
15.917186193783305
31.419585870620974
26.82285057595918
9.298118689949385
22.79285659630625
23.70252156074951
21.883783590670284
27.649897212680138
23.46949991833687
28.262144750752835
18.680460972824893
24.161333200647444
-13.098693434194631
-7.592299996291113
-5.8543248562105505
46.993037897097615
-6.377009513773435
32.76377480839993
19.232973853009675
35.38866284513907
-24.00378012545455
43.65437622412322
37.9688571201805
29.236947087018798
17.547351159364837
23.311773290978934
27.727115322766238
17.73731362242516
39.41050094061264
32.94200045770045
21.15067749521691
29.793217128670918
33.58905408622188
32.36238578751518
30.69372085451891
29.846081152481823
38.738694844024316
36.419142608293946
33.1782793604733
32.91106729145592
41.42847370592984
25.690322846401767
35.049453107571445
35.82691854973748
36.50656303253874
33.56113957326767
34.979732289162044
31.52541940482014
39.796382627664954
23.244949020727905
34.867367141674144
32.25808072173391
33.68701313315124
35.62256911959393
39.4491240241018
38.128705235149866
36.86537191372631
35.79799918168344
41.51859911733561
28.475863606281756
22.031290607501884
28.198196521107842
12.665722268035664
19.562337494158484
-12.690045000573978
28.388973473618055
27.937198182165076
29.024681044393628
34.3554063256628
27.931438490230477
28.967391323442147
31.700303689713927
25.578857458244258
26.42867364078043
26.775756672787264
31.017390368828043
30.80175566235768
41.96590913023695
36.99306861250608
37.86350956085124
40.55443885137321
39.73840820095597
37.87090189460874
36.156221725230374
41.92575671894423
37.530328924674905
37.11259362154837
34.42758516591322
38.893397550199154
37.36745551510608
36.324251297905015
36.9369158889782
40.78573681264374
39.97873546481114
35.60166534252176
37.48432805603989
38.68438315931247
40.853520792199085
40.634326388229496
43.66019156397701
41.99243877092594
29.333814675240575
23.603064898357157
25.402114797403794
37.02556137481434
31.28866533788767
30.938770109422066
34.84251010380047
39.46236742272113
46.02836104582286
25.384229763224987
26.884077619345863
29.772015887848568
45.01809812933894
30.209838529576462
37.48338112788515
45.96418799139513
20.26584762155947
22.145863199709254
29.518705590333298
28.200024171224868
36.52217385407435
23.833829450749935
22.7790604599704
28.461616512428133
37.57093484118236
40.40206818371019
40.46509410144153
31.044025178402475
37.58578092454224
30.685263636496856
36.01160321958953
46.59583063144934
40.28382660733497
31.115635554723557
31.278076495400956
41.90091878927421
42.07933566613869
32.210110958587734
39.96332697734299
39.8761968367213
36.83540585960718
37.7828152142913
31.216182394951318
33.443658201107354
47.85032354254303
31.598016992632598
33.518009279131356
36.02768518720344
35.52285113882188
41.558330229954514
40.14755688506601
40.21485979285844
38.58149040429523
39.66552326856622
36.63352243725966
36.072175043272956
36.50853184658307
36.950036851476995
37.22548389227233
43.073195992458444
39.40902703074017
-18.602377992276967
-13.364928253325866
43.174402036995964
41.61608564572123
31.06972104640515
41.466724783689386
43.4846330794042
41.50361320209592
35.222545173048914
41.97648793343439
34.43093927846793
31.107635249151315
29.589532890371263
25.536530908866844
34.10104930754694
42.46100416428021
40.74407212764984
32.91616580323399
30.611036670974862
33.554466969215376
42.11846037245187
32.7108075975009
45.59887360012962
45.284471485116015
46.396082059214166
42.98092956653781
37.6196383256193
40.08242309979208
41.87227535128163
27.04965996319539
29.091051886673213
26.036898209360615
37.68532137369572
39.46122856043009
41.83450643340503
39.73889358177084
40.845051275383014
41.272290216141
31.648533691704323
29.204842037068662
31.86328688773807
30.637438972448447
30.299941380808736
35.11500923415669
38.4014985711106
39.33026193477487
41.77991875342741
35.57174074128128
40.043323849474746
40.3693233212118
41.830429078951504
33.48625442341267
32.74600366350918
32.68419501076581
34.659938569927945
31.27919030724288
10.583230655703582
35.089356413115844
34.96928738460598
39.900177146598
40.376037644369
40.60848757202124
38.32664173689939
39.30282566522863
36.581554949046925
39.315768696787366
36.54891113238718
40.67625964387285
36.88379043601885
37.51694402557688
32.218243330097664
35.94564347679834
35.59604205600922
30.083210394446123
31.708398035074243
36.54021257570181
37.605686628735896
37.94297120732401
35.665523947585946
35.41802023008121
37.074172127159564
45.844546300623
35.3079409549472
37.480429029242714
34.818679192125096
35.03486528559159
34.7720145707438
33.215405547191274
34.686426944854475
37.05183754767858
36.26391577959975
34.90743229973495
34.98225170371004
27.59399594656764
34.31706243229379
39.56428512367327
35.42976428687116
35.443026086969624
34.07810789529193
31.5142828024975
35.587940521214534
37.249868836659175
36.142341915707114
33.32015707773435
38.99072158547826
39.53522310616668
35.98616865166214
32.87333282989367
36.95844238335886
32.88859055248908
33.586359143376946
36.951481785291854
28.666111486356613
43.048106809335565
29.392372815032815
32.83298874389639
13.897029260101853
32.869942108227875
26.927090100147225
32.53260741515757
42.192542026797874
24.427213225130497
23.288855331613647
38.21103729977582
27.217369378140607
34.23420786465914
35.583830786067836
39.79836097615576
44.505904176984465
44.70309493246535
36.91525365474527
39.4952516168401
38.27024663211619
35.61989446695688
33.11319833818705
38.17974995049813
33.44881151191277
35.25133720257619
44.68362528144184
23.0648806389048
24.348741057992147
30.481251080563887
28.359643599970333
17.9413521711452
13.306967072401681
13.14285870586611
19.117784337777824
9.444548797244893
38.12320321180546
37.95540704088945
36.812201298949034
36.022673773924005
34.44821662446792
29.32943208820369
25.930117555551053
30.10335078357491
33.79788164631055
29.101443387135145
28.6400297085432
36.18627294653944
36.220583619429185
30.971573362016976
29.581851663595845
36.55780794861055
35.02290759798983
29.554520697049362
38.273934906032736
30.775831486419044
38.39763056569925
38.83046674436656
47.22315316360297
42.9807574766879
44.62224509502693
45.5560301978638
44.867090783556314
46.09566605084133
42.48131797148088
41.47212661052678
44.853359131084055
45.77221607718414
14.848674267797856
21.548902573818445
24.222196833847537
28.124197662672938
23.283068352284975
20.58964464724988
21.341828095523333
25.56964281377337
30.59014239292907
31.298303677008455
29.848273066311737
40.55348649973071
40.2450967378791
42.45676472751469
40.953201869971934
40.027614493595514
41.69813351421813
41.88281943718719
38.13063139696504
37.00886275751048
37.60070132825447
38.91594799279181
36.95855603576534
33.21505961365958
33.86475317995103
35.03951646267592
35.89388862012622
39.863058322227715
40.53934399150226
38.8503557810942
37.64731448001942
39.207697773585934
37.37662087519009
37.99126444409686
39.02857403278222
30.34950937568532
36.7942386023136
34.39581514309482
37.09284114856266
40.33247458650852
47.04799670856096
39.41176059734459
39.6500911541833
34.390395763632114
36.34304250565322
39.09428705740903
41.78248363000962
39.87204788315396
38.24313798218791
44.018240774162315
45.74406886855067
39.5443193205075
38.800458242972844
43.44531538393585
27.916494996659367
26.748306982022434
-1.6115708762794014
19.63909284021116
22.288051113854422
16.438477880649305
42.19022431561392
40.6292773034603
36.30618879937913
38.578998809994104
38.35756559526359
44.07939160560767
38.328569764642396
32.9812913734549
29.97007639968175
25.554563853356218
29.22053389384813
28.54927895382956
29.658821780409987
31.0909672885232
33.638947895264366
41.176381642766756
39.24635760282663
41.99227154795022
41.397912346446596
31.980329236006458
36.75883360812477
42.97956387292985
43.28285534828055
43.517688669629514
42.605902518745694
28.44697182116216
44.598051919559076
40.77173207056882
43.1357738544071
41.1151676542389
40.93833210630558
41.77355886016107
43.99523047421115
43.52674428583644
41.514200269982744
40.94213874892904
36.41275285409048
46.02084955708229
37.55752941294696
47.8266088875034
48.54699230658286
36.43892694025583
38.37932237484235
36.9727560356858
41.17791283576838
39.35216160205964
42.397044047446585
40.92435323429446
38.49873058392312
27.51339550512687
30.106687265837717
36.648318121672844
31.91145509342035
23.948185834757886
32.97714749053544
31.360688832041472
34.44523894848991
35.198821736786165
35.0000572655306
33.955728948981694
36.07394848636431
30.974663977309596
40.949373849742294
39.976432865151125
40.318861260335545
43.043213435366205
43.72313284807787
40.75229946172248
43.710822287606824
40.752953219954016
38.697637531685785
44.713132418232
37.753092398558074
44.08984089484738
38.90254571526307
40.327047840664065
35.447660241537605
36.39741813005523
37.39663413632406
40.85491263827843
40.17532182246415
40.24485997668375
36.62050429521819
40.82922918251187
38.772835024701145
39.97322719794382
36.835645693354756
48.873446224939485
34.842692673899904
39.504428347193574
39.50711084641204
39.15642169710198
37.85910815092801
31.43214481547949
41.85962795087327
35.52790414565288
37.565149276351534
38.10308226394743
38.456528238391925
37.46095069848598
34.47426427164699
42.011899008073094
42.40172874254304
32.07595442004048
37.79474122930321
46.19127705866729
34.5249991468663
44.940470068814236
38.84081073826628
39.68674105954366
46.13697441829497
44.80194716223384
42.95181247904036
42.74817559259054
53.654738529462975
52.97167625346791
38.651057942466515
44.599820883032415
50.52750838192536
45.473863614460626
34.74082625183737
42.66359100065492
43.39972920256388
55.05632150873268
33.798003068543
32.08266248756662
36.34050116168021
38.554462378134474
38.51081872084831
38.237000119326126
34.61721711558362
28.215300868790614
38.01955343575628
28.014673896856586
31.923058944120644
33.86290041177102
42.29583739790463
35.56825031416146
40.08477834511414
39.34209720213633
41.54336641507474
42.81163227195078
42.09385845996006
34.88737923753938
42.459834131885366
34.63069010809794
36.62276779917848
43.95153612439761
41.71445555246029
41.10217706861769
45.19225147802408
44.75203800413892
42.563359345336075
39.03291373922566
33.06461409317885
40.32864198043345
42.33335014997698
43.36904865054528
40.259319703981625
38.19775768001727
48.082145926221685
45.833474015459835
42.87047209602534
36.92694382728849
39.01554660145747
35.48612839146802
41.550931803078
38.86741977079964
41.165971499503776
39.04697159696818
39.48865456574218
43.57719930898414
41.93111168661227
38.83601068560606
40.97836351039744
38.74603161510565
40.01335613356032
33.275065974849866
34.627988741437676
30.416147127872332
36.84741197149442
28.438760715084744
36.80558356065961
37.662007617296844
52.05968342622596
49.826226880347235
49.39013623772274
51.88669081406274
41.03231911705126
39.382411597794636
35.250879205418556
28.831552948146282
50.797615497198834
52.66510998351964
50.33522362583964
51.23813702647025
49.53957999773532
41.314560109914176
51.002400089437266
44.64092008685976
40.63558499076272
49.123796836423864
36.30634230636142
43.55625158248409
48.99830542508634
42.60486675446483
45.46762847576302
38.562457278169326
3.575508427994132
44.400063978155885
46.58793010793504
50.67762998364369
43.6611212629772
50.02836685822737
41.16567044647199
43.01237875908166
48.65260849962328
39.855412587860215
42.454402274406654
41.79187995629056
26.942234985070712
30.85995041666935
25.703514334708316
32.086736742758774
39.628937485273944
40.11399114034093
20.038523983198655
40.1298480761111
41.08766558907325
40.449656778533
39.90305209661461
41.05863365492332
36.80951798441451
36.22955305531371
31.18522803662001
35.546299910370784
48.212430047052116
28.5774538617762
65.94434683855746
33.69568188141688
39.69345813912943
38.55416873687286
42.85429193418428
34.65204311698998
42.944325400703114
43.88644352047407
38.398203889686584
42.14508641787703
45.53716056591931
46.85362572761226
33.778947802969945
31.812228866647672
33.82147875520683
42.742865472846574
38.348283531905686
37.450139431787676
42.53274980763415
43.46714397950367
41.53255255357619
40.16549073271595
38.9014360711727
30.005696281157466
34.687668546991226
36.77921139770448
36.32904256883165
34.94765400964382
31.13936138557288
44.703187693552515
-23.045186363017766
-12.18578976095088
26.12328223535629
40.0278730878902
41.06460501048756
36.08312695880419
37.43897128709922
40.12767156082172
38.984223464268155
35.78442814164171
37.8815417631618
33.01645144747108
39.68909115142838
37.73131576285969
41.4452862822222
41.5771939339811
39.336711051251804
52.044412904333875
49.05675009853937
44.57687325162501
41.69606952823133
39.24127566266459
40.145999858380065
38.25654727197209
40.70423273946429
38.796350031057536
39.668527323869064
39.24608659204504
32.45412897738418
28.59592674847563
38.26379425220557
35.327987925662946
31.587776802638896
35.108521654274
5.237751914693824
40.520823660866036
43.693924049724856
40.01279909008212
41.82789445657666
44.173475822937775
39.38477950437477
-6.71302020452404
43.579576111324
40.33587592860707
41.745390105470875
35.43325575692612
26.022830352585665
44.35732023734665
38.728119852635096
43.921581159004944
52.318582296788165
48.028713686371745
47.51151234798929
45.209631055946254
30.056739400879373
47.92347563912575
43.65708548233416
42.15092323866781
46.10215732399671
43.8631324363259
45.24180136435357
49.59843979419413
46.69075731847818
43.863494550858334
38.30041841556216
46.13971986064481
40.45049105488102
41.42550197465939
44.56962429797768
44.28710317125816
45.18410773933574
41.30018278564101
41.61535848885991
44.92041958084016
37.79377778354466
39.550855170702455
45.219155268275955
43.905342502116675
40.221646245772895
42.393181308071256
43.54628649322813
30.848790176981034
40.72357106108822
43.43157826841336
43.95710082054242
38.233535871805536
37.76141188194942
41.55967100054978
42.44215917512639
58.75675753927197
41.47758527902333
45.72799407926725
65.62068537665301
40.72732818751836
52.55423369906619
42.538213563133226
42.05324447242126
38.333048515575626
56.31231484445418
44.954098964565766
49.89488554664641
41.60906789142402
37.74568369486745
36.3352488398653
47.603360014671374
44.80013229277558
49.972383714902634
49.11982134779221
38.19467231357417
37.62482336351405
38.602374621961665
36.895537971622154
44.48060349100635
44.32595547387161
42.518708487434644
38.7506293510895
42.18883321993332
45.07405230591195
52.197290205571136
49.3439612790679
45.25741639516854
46.543414842264305
29.849311806063707
44.63197707644912
42.92031927093859
38.942347291798356
32.113361575435015
32.077781927489156
36.85483403142238
38.51145030374867
50.5445101978128
53.45182804076126
48.57334359170337
50.80608799147516
57.63783121413507
56.199106855154675
50.68502884765643
55.034096164097576
48.18368967398674
52.953876745236634
45.00940675119982
44.50694988873526
57.692820784580995
42.18011734028004
45.073651653970394
51.264887117954665
43.659162807529356
52.09472978309638
45.31765068055528
42.56079637202398
45.17322341176318
58.28766098946359
54.04539067991175
44.90903597698422
54.030719647382504
38.84117948782511
48.38389796060443
50.23285602916715
41.213204745571836
41.87862540492783
44.28060689173717
44.3902910503463
40.201770360197365
45.83244721722393
44.04885315575737
48.320673421330326
44.48552104176682
45.85264797025666
43.986731512600265
46.913414422466786
41.773126857839344
47.3804802254637
46.67136368119024
40.276141656592515
46.5029812645597
53.439291539435324
43.737155147210004
46.671733020255466
44.36639345179658
46.137711641393906
48.36852287704445
54.54997777630619
53.02030892885351
48.48890387429506
57.61126566645899
59.040344603083916
58.6592969448214
68.35516221077329
57.73707492529645
57.264799863512806
48.90179308156746
36.19127386571539
50.83610337712868
35.98901029899768
34.886388525609895
26.835723999373805
38.336419160818785
36.20320744120741
40.46380678476255
27.166240875980158
43.871069012785995
43.94075985318455
49.55697936640875
42.19886587210376
39.356426595963356
47.316030633548735
37.99209178519589
33.1000670622465
37.57424567146536
66.55124152538325
39.0593098625469
50.73546723641838
52.44893885581585
65.44345746104281
62.26513646785637
51.83896710619683
45.79803080549176
47.5602333035564
44.50608524524877
51.25822064724718
45.43537815807285
48.44731212149889
48.81452762091158
47.98165618763011
58.27308396967396
57.04162274592684
44.90933959038607
51.71091253168236
67.43089790914868
55.981254609140265
57.30947770980882
50.127185112462
41.040021086353136
50.31574241082363
50.221651771020156
53.70897086007746
54.17858928218995
54.60660790387227
39.63588358082269
0.044519437118752093
56.92604382089073
11.894878048259816
-10.706898949439202
-3.303434415027235
57.5560372131737
4.362963982948387
1.0696646473172537
-5.963107636768712
-3.1719093261647777
37.553673289541436
42.93187182969861
49.938020012036326
-6.29931282336983
20.841388227693404
39.83131200987238
-0.6897422620101654
44.38699587499348
10.845853834514434
44.1733452367135
8.504062910854259
45.62886801788235
41.216617480095685
46.90845898328637
45.42983388891134
24.6510090680848
27.376888482770205
44.37023727406442
43.31081120129314
49.30792425319607
16.901729013255874
43.388660062956305
50.062890169929055
59.653869264941044
49.21647732829491
38.774003552395406
37.859433418810944
41.62784652844653
44.41853965775847
46.314366898632166
41.440855188110746
15.436139202169796
47.8914102709101
43.45048398876747
47.316796782387115
36.48957079225962
39.58146498306757
118.58900045626964
59.52871996327645
147.77536902212998
66.59793982741509
50.31673787012504
47.478165522756335
44.060268408363335
73.27838480153802
57.68372531364258
53.47563332332376
53.60401299506469
36.986245990145164
37.993082481271074
49.78464864350006
59.89009569024038
60.61498016285397
46.61091976417858
55.89667978789895
41.885025179729865
48.40350757886881
44.740754892156644
44.72380300421258
64.0894591117703
59.087763595302924
67.07709230953394
82.40652982442518
85.72802501298419
114.02158507934136
75.5514421572583
121.83772403467759
90.67719537837723
94.92015613791021
92.92550600844245
65.56661530239423
19.539390881271864
64.0910128198521
61.41104564892066
84.93323757496852
53.85840524760689
67.37885233600667
65.42434825870723
21.20795920157638
56.93246440390908
25.160384677683485
27.703053037960736
30.262617836167056
27.43218060424581
24.030357101108574
44.27702034533247
54.98266897002155
48.76694366776386
76.43204490445513
52.00394057217154
89.27196598049605
61.57796406916214
68.26132070745513
93.81323063481688
115.24000626219896
109.78890459501727
104.72009668295391
126.89846907832771
129.87469854675913
109.70324694383889
137.10268863965243
134.15064921298116
127.03624849990977
85.35022993361223
64.95596780032493
129.99477988203523
245.6188252370491
225.95362022285786
285.696303797102
258.71161865783716
200.24841920569838
173.9411251061047
132.55168701316367
169.36421642915448
179.33579120069783
159.63270787632112
163.38413676317646
191.50640954238906
213.34374647345626
240.2875958009157
247.1557378939939
257.4682618737223
227.66733377375178
176.80923225952824
81.16759575322764
51.60605111054133
247.3175615654369
244.04465919761347
267.2791619666035
255.93065941655465
274.6386352070484
273.5415373794952
266.0388660961989
264.17309476197386
273.53495407112644
266.1003968221236
268.4594804039173
251.93935218911307
247.49137710141775
271.3226692261566
256.4016095119312
260.0347883132604
283.6602614413789
265.4467163110214
271.9535976134629
255.4857973071292
244.78469843953437
252.75788181254538
108.26673036979595
110.56292230980738
137.30693691720896
300.66398171431206
259.0603953884323
287.27388461343037
284.5292829228152
291.13436416967534
248.61714459826462
203.7230041576218
229.98343283165073
282.51158510647775
301.3188915402829
290.9507073556731
298.7682193892075
268.58769826657334
297.99919913726984
286.4183448157041
292.12774977299034
282.3470685131154
279.7804540099801
277.303899476891
264.40660718482
266.70722019287666
276.89461114797336
265.8908450583201
241.21933230153405
249.8087035571416
261.23072604175826
265.0683602790878
249.68543753684222
261.58160747888724
237.64174376581457
237.0661485783041
275.2225851616095
266.9813170981747
298.2618651277576
281.9066569113774
258.5622579093881
261.5262043017679
299.0300071607985
314.5515916064395
304.66964075442786
300.8895050226658
266.5651930411699
239.9244907922537
246.79035688442895
259.1653448572831
295.117027595336
278.82703974567164
223.1958838412984
190.9182711374059
228.18269215190975
257.90891347818854
297.78084039620427
262.5811270883119
183.6514941424148
120.73345954132472
4.460864757683454
4.17777831233601
5.4099396733427465
-13.2115724355458
19.33154424684267
6.263600724947138
-1.8084688822901138
4.299102027532533
87.69083153766624
66.92142185007323
66.54204685409894
99.50802907236825
91.86800258707183
10.310343548025667
8.070669660258426
8.340054310864387
11.43112241757367
9.219838556786865
16.63684586725311
11.723580956415613
9.04261557726084
17.63634745403854
25.543818660609514
31.41285809726258
29.512225539033814
15.426904376056658
21.864874801733283
21.431297301625705
69.30369473141212
46.806449800354514
49.11086973765673
46.34310673271495
47.214320299180095
33.90397272707201
41.904845391218075
91.9538579977075
162.9559208256124
196.2548026172419
243.55437815557931
278.5281605146721
251.60722056121767
270.9010922705676
299.1565902873308
303.67127698739426
261.50508723480345
204.10644836749077
170.75550591397771
127.61083502761112
138.23604785328965
148.96518361255409
149.40290333518513
29.17637734397995
17.237863229654785
26.570883965369873
-2.9446464943250867
12.343365293768672
64.10863909351859
101.94759116976478
192.98287687401302
167.3395614752971
193.25720946402225
150.75181067275108
150.1224039943337
191.23959324567943
213.95484230710548
245.4497561828435
284.624644449634
284.37843722383934
293.7562514199681
209.1886994224366
23.117546638315716
46.748098094761396
124.29431978272035
231.93905161421182
251.26400827801967
211.1824341925816
246.62692024072314
264.17872939700925
258.94651293243356
286.5503927550001
172.03977748874786
290.5124843253855
270.8656985309929
274.7652530095412
183.53474877930282
215.2706857765691
232.3409134811475
228.14084559068112
174.87064197290755
79.15893882915977
87.0003492773824
63.58467565694993
56.75609083380745
116.1585970766005
90.29650162726233
72.76803546407828
96.70681409673979
79.9249872395054
132.00910590605562
148.71852741757576
193.90143972786424
227.1171509189244
226.28551858546086
240.44403281005341
273.16545073208846
261.3580175419376
293.70028879251043
266.48463384499263
306.4057982072097
305.31241449604454
294.94118555723344
270.5084215051696
239.92573512410777
252.3554958622117
321.16742349242514
292.78166081881824
169.88186530666334
165.05976768173215
72.85539772796281
65.44490216105521
218.98533728398806
259.2349737136158
256.1908481410834
221.00078295962973
199.01697715349778
30.081226557862106
26.039979778143966
92.64874679812509
18.081266275419168
121.61808787632116
256.175274218414
299.50422683389615
277.8243713426532
183.86678610274578
161.1633341547614
228.1567584709703
71.04760649782888
54.88323311050459
63.93684444536129
189.46613058741264
190.0975546638411
176.19466081984282
210.4930595764083
277.5503646304426
268.24261705912016
275.46626171156396
276.97270786372997
308.4187773844796
293.3164645217799
311.77752108121337
312.44671582620026
322.04394163765124
307.4631680512179
306.60664305644383
252.7123504343427
261.1559618599864
310.4003948729207
263.60942110986565
249.99736116631448
262.5095013780972
300.29143375872553
254.9583097196456
191.45119463558922
163.1437533718909
236.61523279651317
279.14092715061304
311.6055792453519
278.42941590965546
292.8246642272675
312.8675010054816
323.822671556157
304.8353231518815
274.39677123026695
251.85244943154416
256.6643480459313
297.4717099086027
312.6689173443079
317.5108365212831
272.4159162848083
300.22165590016755
304.83806929946064
311.49726606819786
275.6007457646165
267.73373647615534
272.59181767853516
286.96713669559824
257.6980533455472
266.1404896884258
216.0945665869362
169.66351851758728
264.14323725345287
300.1376611060516
305.4416920307585
239.28263893665257
150.6741068654161
70.96862353034925
4.022783092286771
38.866046712251446
123.43504495864241
196.63740387718894
162.66433323874307
134.60139136947762
186.98750120912294
53.56241054472951
48.17464300606603
81.21426445319788
123.75569719000657
134.66002061700158
154.68423586149981
98.60566476850406
135.65981509284086
183.37804734695405
167.65115232389059
168.15876579499565
125.55448294961333
53.7765080114105
44.26055282456361
121.83384494086117
104.0969307768618
206.19340370062793
284.6960043603044
290.5292025443778
259.3428152226816
237.98264638385132
258.7349567169924
246.72418900390448
226.5733983669613
264.0406173971478
174.50210574603977
216.3727619038272
231.2549243284734
268.55551378969454
181.12524514709276
157.02642598758743
222.7075745978711
304.9823180781459
285.2210657558184
254.3446211497272
306.12260550998195
326.3165864495253
320.8310951306896
330.2423025430637
329.51186575690537
319.61731883410016
298.6405877125181
307.18141131552443
280.2040529971979
297.36765637165024
293.60267122490905
267.5674369393763
247.346337982543
291.0898436256075
295.67852761052603
259.18448589126456
280.18734920715553
291.91777064535927
278.68098688731294
270.9258457150057
278.55066303322036
252.8944970074287
304.89393928090556
282.1759672326436
249.01881338232437
287.70637291212716
208.24995190090226
207.99125974277814
219.70037438301827
129.55412477595758
102.073646257899
117.01759316438383
93.69198641916634
107.90223169670526
27.67086748580818
118.12065446556375
228.26281346938634
246.10902431693256
266.9297964181659
259.02372927303105
264.72835457185425
233.99838075847543
257.7102062727006
330.36787432298996
305.684672322826
244.18474737289745
256.53200278582835
276.2579928787691
302.07507410234405
272.1197971464721
277.92864463408813
305.49011820502267
267.56153014636186
59.43108286498198
103.45487037373171
259.70047377591595
238.6268268451454
236.48390189239555
214.05471306832945
214.08874980136562
205.60118278998857
203.88837717889365
200.94715352716065
239.25540621389123
222.76603495682858
254.8161208615834
260.46195648706754
253.7113388548754
256.7181955752655
154.5997662855174
198.95156597007556
304.9818496655462
319.9734692598298
301.0473679157687
297.39791010845846
148.97742128308127
171.48203616598087
221.9621086389388
271.78929550219175
306.24184006622784
317.931735297282
328.0049094204067
314.8074716063002
309.28949598628026
305.3426576168605
303.768793272857
308.8566028282685
212.3832390583039
233.53283329604562
259.744660514891
307.63219226590724
320.02143401339026
315.6625533841769
297.37643429820645
308.1122285644444
328.5082128332606
329.2585585251789
293.020523281542
281.17692325211044
322.85146083848053
319.53278193142665
314.4011607395998
295.06642871788983
233.5543995084645
266.3903976118381
315.19067881930584
327.8007747436102
329.2296865126191
282.39649000272294
232.8570788802218
211.18856132911782
144.45316031081325
253.4446688454577
310.2662373004406
325.01115327989294
318.6062554839227
287.454585248853
303.04514284235825
272.55581306161963
282.1187588046581
314.87175240063954
318.54091079593275
313.60984889043823
308.872858447006
281.6101368408051
311.86882548711515
336.577393889356
324.1161378691919
321.7121630349806
300.2376007422268
298.79943924791695
194.5157908663895
300.291023202152
284.8436508816779
284.2831309890613
288.1682646503356
290.9080429601081
283.1272193730211
275.47655052004586
192.0726644412472
164.13890609426528
250.5457610692942
279.89031247765456
260.2684123857584
213.47412229609398
257.5869116974196
273.28558918814923
276.92731297434744
256.4820258996712
122.07041091926169
62.576152212768065
22.549164207163578
41.36704166733157
53.465393850894756
21.708671049041758
8.555277754216782
36.88599769107325
120.15663048196917
254.8557829680651
254.1256688966851
151.08742065833815
266.7950315724004
277.29621048330796
275.148549249433
33.68905988196426
284.2777622167731
29.47376489334613
299.9130836416102
298.4895353386145
308.78637967025537
160.22188827835086
279.1387380972101
87.08264523400034
184.758325517858
309.0013285237046
320.05149672170205
323.0359755063596
333.15468260706103
251.95758768293584
271.9032798315281
280.79272612223036
242.71582011405425
323.88171644515177
328.1956425515475
311.57412647184475
267.51647583364553
237.18559754291024
268.1647668781244
281.1350678287849
274.2309559807244
253.54471770307921
200.16963148712318
242.13783631746034
240.56567780358804
194.48474096971975
179.54108286559983
248.99037450157613
231.68299802710206
245.44788290848714
258.83581221511463
277.51822413614315
302.0538658266079
298.6315019842172
235.35783639239133
214.94778581679236
186.57769565241261
198.10331565709453
272.83522579442007
295.1104804897603
207.62538100399962
239.98072255024692
285.56232233664156
261.78696849907226
259.38740919007563
289.60853789138383
309.3060035775642
312.1825090947625
308.17934863609986
278.49177448861406
304.1052239395622
293.3573641535545
48.09978953667216
46.13562534703626
275.39160840191215
224.7911248667374
223.4005648774119
236.18301246275655
196.17719586113165
230.50579763457702
276.65324644817167
141.87887342407467
130.77656804368092
301.5294688557123
314.45088100818117
310.4349798636365
291.60059428415565
267.6719761028899
260.9623167947759
256.8421100412215
307.9783234235577
306.43098137008866
323.41316918480493
292.90556617340116
287.7831922170361
306.7613085172145
301.72054815841096
274.2296976937954
294.255368736446
304.49302065039444
309.9349090067913
320.071728058383
308.3490455813657
299.0630828333806
262.5385445910271
275.30532379635645
233.88236788761483
243.46128930129055
25.550225390680566
21.472384126853854
200.07941884799808
263.71613904858094
318.4292908053576
301.58678904673025
237.71330499820186
252.8045747324408
246.03549830374183
250.53253206235615
249.61257494913895
235.57777552710792
229.06321464427918
280.5501114046232
247.7855432842911
228.04878351576184
225.77953365378508
251.99222532560754
298.0470618220963
299.71460706436227
306.6163320105211
234.38096325579633
207.5849160608697
231.83195737816223
182.6741398809921
7.634167881370163
27.22538069174939
-5.042497975123816
11.494189901319013
9.446746278805225
81.37689167558241
261.8917357738856
256.880092968423
255.04868967601504
263.7989049550999
300.87540019834506
320.752125041213
305.6895696469695
307.7572715224149
319.5278005173451
314.5829595606274
308.08001379316846
309.4860371923941
284.72116133332946
293.7550485618595
299.9519530394485
310.4870344193126
327.53165965737946
324.5392028664949
315.59850282726325
314.38978852517647
309.2686622458333
320.23812399948383
320.1586407019836
334.2476990376814
330.52596753739243
305.11918967214683
304.56525309387143
305.4753274844856
287.29334177818754
284.41116756297157
253.8242797306553
255.38837614429895
303.84128875231715
306.2285204075369
307.5702395738198
303.0048067862392
297.4789543002249
295.2668492839442
303.84374131748586
294.69620280449857
305.69399870692394
308.01583812001206
292.6373122599872
290.3924908715829
300.1642121942448
299.3748788963156
298.8337257733684
295.8296048437398
289.98792561942355
308.8439880028421
314.1954552220215
312.0188875560425
316.2283723136387
317.16531290622856
236.48125293559718
260.7242676791183
262.6614021920269
260.6406389417287
309.567192011473
296.3749407768824
280.51209269560206
304.508361527155
312.6881505832039
301.4525843782721
288.04953458292476
291.96269882907853
315.84825279436575
305.7532818699223
306.9801999166905
295.6903100717396
276.59573341644
154.5505664957486
176.81567770322852
279.6768650684555
276.12662675699545
281.14760786284427
302.036688496273
308.85247083427595
317.71172815383363
336.4994665514392
328.7276628591437
330.7419523915364
319.11976282521107
305.24081792246153
218.26718108285039
286.05723363988784
265.1078631900865
291.03224957652475
271.96592864135306
298.2113842657473
291.42086750236507
299.34710948651104
278.09611169510106
194.42835405371358
0.06841670683748619
34.522870282014544
-16.66811158402996
-18.213850822388334
-4.822916938422126
81.62620769646009
279.63403168094027
322.0991838438135
309.43612820841173
304.5839400538949
303.94000948471984
310.37160186436
294.8937960604626
275.1672261450583
265.3243136227217
261.0527178361265
272.1773697488213
299.86676811292256
323.89532403593023
316.47604003463545
309.7706144163349
280.2665317154003
299.3855541765046
301.91632214059445
299.80527853075176
312.26773337625076
311.7389318069954
319.7225096452393
323.358742987735
322.785112678118
307.7033743800373
295.7914360951533
302.129605509293
279.63104015292504
267.93481247782864
192.19161839164215
172.94459309256513
233.04628711253886
258.5109948198965
293.5627436808218
276.2210611665317
265.5645388781993
264.5697978410044
285.74728559265355
298.5475887535494
273.17467203303227
269.662852026287
289.4312088936293
224.0044702651481
200.74744486998412
217.35961388401049
243.88709499175033
264.1571849427916
25.394073821603484
206.15404596522728
281.8542366882287
302.5925233427809
295.886390449158
276.5703620892453
280.38656008525555
307.7832583364016
296.7458184235157
268.1759022967774
284.70300831979364
312.9879564816472
308.7264380033528
276.70855963599985
230.6473020933044
213.75624428151755
220.278208556791
227.33833630911641
272.8275424321935
301.87761480063705
309.6683768096753
310.3056390063638
291.05480571825694
300.9065068181412
317.89320662655786
315.7816001958409
300.2765113299027
267.3632185026427
285.9088476112075
314.79563196656966
333.36389399515053
248.11197841215693
261.7541264779763
273.5478931898619
315.8319277894622
268.998274308536
307.7226695785618
272.5538528701305
217.1807391938699
272.8841232337468
270.081460185207
247.12824165135098
268.03735459075943
148.3557995869394
78.4587376805891
67.56207050284083
193.75789979411894
16.636992005992656
5.61153578192312
8.987868602357333
16.643313595307536
4.952694307309511
174.79616435671687
284.7588928995257
307.52521974844814
266.43858812403926
297.7501264356784
293.8853659569888
288.8289210908939
262.1138104757817
256.5579810262429
259.16670774998016
251.827370821621
228.50315532125077
225.44257654113258
263.37555849922893
270.4754054774433
225.31840771636638
225.93025007426036
257.39099057075356
279.56586485210056
270.22616980151696
281.28635977060264
233.55601632948745
251.95594034173524
212.38914639878166
164.9616120276725
60.25011174072929
104.80055450619584
199.08935332198632
302.86511629919363
311.95960628126085
316.1290659625101
298.5270658493726
296.7802121666939
291.37146559582044
303.7126620713599
267.1140511788863
259.09619158232385
272.74439271035743
285.7669571426263
279.1790019230973
276.4616161330165
231.24878120301395
251.7800401462784
292.39205918920703
308.58455957602416
279.7448877244846
193.46345689249637
241.21692773251792
289.70298983460185
318.4362135182827
326.1438291110949
334.4595011922656
296.00959569836056
226.87670796970224
322.88777183993597
298.24905002630754
258.53051641731076
267.0908767852464
309.3604223655402
286.84131532968695
296.71072639122406
320.6230095374612
327.298345587372
318.79760521650064
281.3173191061524
275.9655686242341
194.82989165915419
282.3033579441456
302.71176254741493
311.1998010347679
272.3609571633475
280.41990264899584
282.5708309249163
285.88628776800755
287.195247525786
208.7849425119013
306.10402191743384
299.07454211748313
311.5739931086533
291.85994705764455
269.6812285652025
254.87935913035795
269.7730040002794
262.59952267048163
313.6142007977949
311.92974012683567
309.37570164503273
266.524442616276
205.28446711389753
164.1259566211063
250.33821706242216
171.4590131104793
202.5455432671961
261.34415331857264
313.3879009413086
310.76791067239964
319.1674884441057
312.1656575647773
312.4862045544096
285.8364719173773
301.36945388362733
293.22570931134675
200.6106172268081
49.736171082845544
248.46002668917075
316.8944486786545
319.296716430122
320.2237071901808
319.1988624178642
307.9381536909816
279.6326182098258
278.70770728608886
281.9081299909888
293.611666223653
288.7653711120825
293.65062745739647
277.55958336139474
278.1452126013818
277.0759638000829
296.63123983263216
310.70463705827905
283.6924563202234
273.5931975646283
298.28775495034563
311.23918957372155
296.9289560501635
313.61875746991717
312.6841195829079
303.27244694098556
281.9943036782181
238.0573002282308
266.4801323226761
303.98969602779346
321.0745619478253
227.76160422378686
166.0206178957456
273.4022633961436
291.1794362715234
302.31148159857327
325.73937223082896
301.9768927534213
262.88319220203465
249.567161770063
268.81662972371316
272.9232579179432
257.9920743344538
270.6838067242697
285.00986064163106
324.3431619326443
330.2067002997927
332.17740870545487
318.9810951389016
321.598999259396
332.69676672600247
331.54653253051464
314.2719144121904
297.63424255459853
242.7320570674929
275.56378469753435
289.1463110411304
260.84616308535254
265.9041287864595
284.072888855738
322.5267031058553
318.9925138123146
323.33106009010197
308.0108319503954
289.04147381193815
250.19383394285572
164.92240171328174
260.1793520477463
189.3901074742895
152.80267083385183
178.764664666344
187.35198516546353
255.1446549959641
286.1141580904049
310.7631985438347
292.1982488693938
282.1146866407532
291.65021525378774
328.9385977073144
310.24523871462424
301.79731740932317
288.425325568007
293.8144389956942
276.1934961019545
279.1019200031683
306.3881108060525
305.7800531321986
300.1781301029244
297.86049617396725
242.5633529954534
238.3253334590315
243.19274143222444
250.81579621632872
268.0936954828499
265.9911554566938
287.5477578842633
195.88565650754148
196.28477121836772
185.76903233360096
30.111232064659625
-1.507178034449685
143.2810701231605
220.70744063346373
218.61624353882422
226.69653484276117
206.85020748546972
234.3814491770526
258.34244631331444
310.3848633312706
303.8298066114727
284.6040701614088
286.0000083068089
283.2745857281387
271.4698446715104
278.6867750982526
263.489087616378
264.1043020212389
284.2032100968693
280.7140852389722
294.40160561303543
168.60697648930818
183.42833368794996
141.1024614920631
85.51062293185562
115.50265172121621
181.36969579630775
183.6449793877098
265.35168390779523
236.31036853906713
248.8057042087349
253.8901690910788
266.64007306513383
230.25034149661414
187.3130453289084
241.05189391088032
278.2668628880446
241.9194608899612
251.14782829499117
228.4765815772594
253.30420266954948
244.81171199013346
250.4594714159942
288.0634081062475
280.3863576347434
300.6476325574205
309.72506345289474
301.49431082206246
304.340542110331
319.2470495917798
283.9455291748445
277.9500071338802
282.3636610112424
292.04202524616966
310.8720643658481
307.50217048446893
285.4928186171221
322.5554830450527
323.4687365789719
308.3906863477599
303.6980797979703
309.1882949020001
290.9972463214716
257.782918025015
260.20641086753716
290.86704131942435
297.87146240952404
301.86706377110005
298.7431514968704
301.679510573733
282.5382197866151
296.45411896792046
245.52210263706286
202.68505138667024
210.35444237074444
206.43410847558758
249.6107277197045
269.4395063021363
208.80225696951308
291.1736157996928
302.0615723007337
314.41950539386875
321.0004185423324
313.9694038462328
306.1619955283877
282.47104799278156
272.35620741385236
311.72979971441555
333.80579547081834
323.561540123642
311.15049996479445
195.47456129594676
49.624075938103225
243.67723917603755
232.54378318928138
285.6994983294221
276.50523326034056
270.46691617858494
267.8997581838826
273.3807395138842
280.4239831153642
287.4055505333086
265.8375275112606
298.5386559091014
312.6869064051928
289.630905110459
288.38020224011194
280.14725037118
295.4738686889602
309.31475226159984
322.6777942879861
311.31306521871613
327.14542430270234
327.7091073207028
317.05247665576815
306.88168076967384
265.6302674024287
263.42734463880265
271.60510080914383
292.5662366113791
162.31907758345207
105.72821778139446
181.3603337950977
214.42788325699178
264.1205769535162
265.2273351083802
310.68930723841777
300.88913033331374
332.5316561265186
325.3997945508535
338.10565661247233
342.7957808041291
330.1891689697239
295.8820935895037
284.8352745155733
316.48187006679785
190.22656979393162
157.51901765909824
172.36953635743407
228.11799739301773
218.50702742374634
284.82164654747993
250.37771070182438
266.3388328348021
277.145943014275
282.22707826092665
323.0812900477893
313.37752560240045
308.55088389944973
284.5057676635966
269.66912226170984
288.9680322779747
321.97853430112514
313.23605378756184
334.8643236775083
327.9547971956804
308.6586663381845
299.95653398746396
281.8333498253938
252.2572253921697
255.08408102125793
303.3408804437027
300.3350681186049
287.52241438430946
218.26048236740937
266.5335294246437
295.31914782225175
291.9224166499875
309.1606144273758
281.0965696349903
270.4442176431968
286.69547758403564
284.20350147447823
315.53444054088914
317.649930656965
305.01378371869765
322.1807657980651
295.894149184166
192.21275688050727
174.91533394976838
133.0787652943063
114.52813432120563
175.40489357378854
253.62999890348817
291.9237476090242
274.2384268737669
274.52249488788766
304.937400817934
303.26574748272617
303.43563285177015
290.5991781737332
303.0179234047386
294.67817472036586
278.504077228625
303.7320551718786
275.8040520660278
271.2412882536625
262.3715260581185
305.73707405893055
320.95095702800455
313.6074412177258
270.9899899822485
281.3162953348302
275.39168107164886
267.85632307302564
256.8877872324561
247.48575170229248
222.55335306322306
204.1855616404615
181.51884010095827
244.65011320663862
285.2562682737569
282.72839217227465
290.1290274519885
291.02997746693865
257.81211381339654
288.18045164410785
298.7251566992685
316.260960004924
308.25769053454314
285.02370892213725
230.35664204346625
167.43753159607357
228.12374639659302
284.561364915056
284.26487897738275
276.8772170036913
266.03557774183304
276.5888607140458
241.86221299397812
288.27462705441724
306.51315098594165
296.6100569774313
291.17266402835094
308.81558610619436
303.80807721854177
272.47186238367954
257.0064815852692
175.94781290769882
125.32699607479833
220.36570833219113
286.81800162887805
275.3693921987942
282.7047785485236
282.7644983746539
287.18792192057384
256.53928209793185
207.57691520172077
224.6298032886431
199.96784826428316
239.79120811792345
229.8788517815508
318.15728803458546
329.50846327213037
322.8960548444334
325.66422015914276
329.0583304302324
329.57136693203825
332.2348263980065
330.8156943748269
338.1252347488606
306.2235378705796
305.21370502540765
294.9846589877622
287.6906221598661
300.70885367687015
290.7075873985047
311.5285989046121
299.8527860624001
290.4479034730634
301.2216284429397
305.3487329393729
327.9173445604323
323.64241319902084
309.04194763516887
302.8720325340909
290.63948748539053
290.013761818256
275.74167183058626
265.2990434900398
263.3417042787131
170.15076760105913
179.51869291243517
55.37708056695649
143.65878889765918
220.12488027194823
260.7018489246399
286.57502728862573
300.44860671025884
319.72794157765753
324.90906429697543
304.5748620197618
278.2650070131133
242.13258827469332
287.67023638839163
248.68261200722768
262.64335455214893
281.7204393022016
283.00164351437894
285.22007596962004
261.65473498476734
317.4457986886104
302.2242542588856
302.60022105461434
244.32297280295143
222.76665855332809
260.0495128552148
268.00571350564223
291.59655624544905
272.7746132086065
327.0595405401376
325.30085526346477
316.5734009444679
291.3851778636702
269.9209861190971
260.0592665976053
282.38354966391
251.4479186549284
287.7055717802935
295.48029817961697
313.0250991750899
290.863142766399
311.46064824023614
316.66714345659744
317.91241546280463
311.06500783017407
317.69549481441305
303.22365064120453
300.3977397132084
295.65917730835514
303.32525855040006
302.04659497199407
310.71629701592695
296.08779756143736
300.5560268397123
304.6321937617073
292.31599899989754
316.8934974014604
311.6855041992243
293.61427655215624
296.01891509192615
299.95617725604455
312.5645592248753
300.23694786211803
295.3771622064725
282.2869379232172
267.86036250591485
258.8545686239099
281.0982763118701
318.25175296680214
308.123798511683
280.13678265456866
273.3130603636404
259.6613406331477
266.37834464913766
276.1301948476891
300.72108282173497
290.1240678632664
311.06877166713025
310.9891245662123
254.22502879936013
290.1932109725955
279.2914689273995
240.80589336325403
189.8435973609277
275.4324325977177
311.71446538567534
315.7683467395123
303.1536152688827
308.0101141122103
290.8964397670394
298.19342857282334
283.8928646390404
296.55021211992084
293.18661530330877
280.7166715519156
284.6815796101761
289.6093234734035
294.6717500021455
272.11487800372015
284.9942677781388
281.25759255120124
283.64012400528895
294.88832067261546
277.51728574926346
280.5236429749415
175.9952473210142
90.8396860760619
129.22455298413212
152.94438448345517
197.54188455505258
151.87050410692524
129.38106269739774
164.5083645043078
223.32638256494383
260.70614044527133
221.93813846111183
231.4610365198007
221.8941335858198
277.4833894119906
279.9678511414163
302.19837225978466
299.9186908096966
308.55745887019725
318.3788577822121
325.8340020625674
323.1912702718771
323.75915436677974
325.8624041456388
330.21398785142
303.1248503460727
255.3827014906233
277.7648055155538
280.78244965093654
288.5236938697973
295.24185142247006
285.6318654844502
286.8407453148401
272.56178328895976
282.0265240497724
264.86259199433806
253.17811121079347
234.99808645497768
239.68098287101705
247.0573075975876
248.57100105948913
229.87508975509147
225.89553247340038
203.4193787596322
220.74240882140785
282.5183466012591
288.8697219547316
302.3052128071498
275.9601095968575
261.7220108041417
275.9738026029503
283.6198284605652
319.36772221606975
307.6375392816027
279.5641838598285
264.4593156850302
249.27239309784713
209.03480670319473
169.2030596211636
89.30693053208059
103.03209994814371