-9.111264113492844
-9.111264113492844
-9.111264113492844
-9.111264113492844
-9.111264113492844
-9.111264113492844
-9.111264113492844
-9.111264113492844
-9.111264113492844
-9.111264113492844
27.97680527358014
27.97680527358014
27.97680527358014
27.97680527358014
27.97680527358014
27.97680527358014
27.97680527358014
27.97680527358014
27.97680527358014
27.97680527358014
38.8113101395481
38.8113101395481
38.8113101395481
38.8113101395481
38.8113101395481
38.8113101395481
38.8113101395481
38.8113101395481
38.8113101395481
38.8113101395481
-29.591700435854566
-29.591700435854566
-29.591700435854566
-29.591700435854566
-29.591700435854566
-29.591700435854566
-29.591700435854566
-29.591700435854566
-29.591700435854566
-29.591700435854566
32.75107069481571
32.75107069481571
32.75107069481571
32.75107069481571
32.75107069481571
32.75107069481571
32.75107069481571
32.75107069481571
32.75107069481571
32.75107069481571
32.05537130347512
32.05537130347512
32.05537130347512
32.05537130347512
32.05537130347512
32.05537130347512
32.05537130347512
32.05537130347512
32.05537130347512
32.05537130347512
38.10123962791273
38.10123962791273
38.10123962791273
38.10123962791273
38.10123962791273
38.10123962791273
38.10123962791273
38.10123962791273
38.10123962791273
38.10123962791273
26.294967323202076
26.294967323202076
26.294967323202076
26.294967323202076
26.294967323202076
26.294967323202076
26.294967323202076
26.294967323202076
26.294967323202076
26.294967323202076
30.236502615083307
30.236502615083307
30.236502615083307
30.236502615083307
30.236502615083307
30.236502615083307
30.236502615083307
30.236502615083307
30.236502615083307
30.236502615083307
-7.9991592621399406
-7.9991592621399406
-7.9991592621399406
-7.9991592621399406
-7.9991592621399406
-7.9991592621399406
-7.9991592621399406
-7.9991592621399406
-7.9991592621399406
-7.9991592621399406
20.014652137381354
20.014652137381354
20.014652137381354
20.014652137381354
20.014652137381354
20.014652137381354
20.014652137381354
20.014652137381354
20.014652137381354
20.014652137381354
-30.21366101081845
-30.21366101081845
-30.21366101081845
-30.21366101081845
-30.21366101081845
-30.21366101081845
-30.21366101081845
-30.21366101081845
-30.21366101081845
-30.21366101081845
24.645023740297148
24.645023740297148
24.645023740297148
24.645023740297148
24.645023740297148
24.645023740297148
24.645023740297148
24.645023740297148
24.645023740297148
24.645023740297148
38.146943809765574
38.146943809765574
38.146943809765574
38.146943809765574
38.146943809765574
38.146943809765574
38.146943809765574
38.146943809765574
38.146943809765574
38.146943809765574
38.14489411980021
38.14489411980021
38.14489411980021
38.14489411980021
38.14489411980021
38.14489411980021
38.14489411980021
38.14489411980021
38.14489411980021
38.14489411980021
37.06239417710296
37.06239417710296
37.06239417710296
37.06239417710296
37.06239417710296
37.06239417710296
37.06239417710296
37.06239417710296
37.06239417710296
37.06239417710296
39.77741007637179
39.77741007637179
39.77741007637179
39.77741007637179
39.77741007637179
39.77741007637179
39.77741007637179
39.77741007637179
39.77741007637179
39.77741007637179
-15.232948786627947
-15.232948786627947
-15.232948786627947
-15.232948786627947
-15.232948786627947
-15.232948786627947
-15.232948786627947
-15.232948786627947
-15.232948786627947
-15.232948786627947
34.062376640236124
34.062376640236124
34.062376640236124
34.062376640236124
34.062376640236124
34.062376640236124
34.062376640236124
34.062376640236124
34.062376640236124
34.062376640236124
36.754567147807116
36.754567147807116
36.754567147807116
36.754567147807116
36.754567147807116
36.754567147807116
36.754567147807116
36.754567147807116
36.754567147807116
36.754567147807116
35.91017695449595
35.91017695449595
35.91017695449595
35.91017695449595
35.91017695449595
35.91017695449595
35.91017695449595
35.91017695449595
35.91017695449595
35.91017695449595
34.56526459959843
34.56526459959843
34.56526459959843
34.56526459959843
34.56526459959843
34.56526459959843
34.56526459959843
34.56526459959843
34.56526459959843
34.56526459959843
58.9322314037706
58.9322314037706
58.9322314037706
58.9322314037706
58.9322314037706
58.9322314037706
58.9322314037706
58.9322314037706
58.9322314037706
58.9322314037706
43.35533426063931
43.35533426063931
43.35533426063931
43.35533426063931
43.35533426063931
43.35533426063931
43.35533426063931
43.35533426063931
43.35533426063931
43.35533426063931
29.106204525361456
29.106204525361456
29.106204525361456
29.106204525361456
29.106204525361456
29.106204525361456
29.106204525361456
29.106204525361456
29.106204525361456
29.106204525361456
32.89869020339217
32.89869020339217
32.89869020339217
32.89869020339217
32.89869020339217
32.89869020339217
32.89869020339217
32.89869020339217
32.89869020339217
32.89869020339217
29.345804942572848
29.345804942572848
29.345804942572848
29.345804942572848
29.345804942572848
29.345804942572848
29.345804942572848
29.345804942572848
29.345804942572848
29.345804942572848
40.18880532124075
40.18880532124075
40.18880532124075
40.18880532124075
40.18880532124075
40.18880532124075
40.18880532124075
40.18880532124075
40.18880532124075
40.18880532124075
32.66691410754573
32.66691410754573
32.66691410754573
32.66691410754573
32.66691410754573
32.66691410754573
32.66691410754573
32.66691410754573
32.66691410754573
32.66691410754573
35.01887989996341
35.01887989996341
35.01887989996341
35.01887989996341
35.01887989996341
35.01887989996341
35.01887989996341
35.01887989996341
35.01887989996341
35.01887989996341
33.197632933053704
33.197632933053704
33.197632933053704
33.197632933053704
33.197632933053704
33.197632933053704
33.197632933053704
33.197632933053704
33.197632933053704
33.197632933053704
32.6733087852001
32.6733087852001
32.6733087852001
32.6733087852001
32.6733087852001
32.6733087852001
32.6733087852001
32.6733087852001
32.6733087852001
32.6733087852001
37.22884206766682
37.22884206766682
37.22884206766682
37.22884206766682
37.22884206766682
37.22884206766682
37.22884206766682
37.22884206766682
37.22884206766682
37.22884206766682
31.338407923657577
31.338407923657577
31.338407923657577
31.338407923657577
31.338407923657577
31.338407923657577
31.338407923657577
31.338407923657577
31.338407923657577
31.338407923657577
35.88864402825265
35.88864402825265
35.88864402825265
35.88864402825265
35.88864402825265
35.88864402825265
35.88864402825265
35.88864402825265
35.88864402825265
35.88864402825265
42.94769749119622
42.94769749119622
42.94769749119622
42.94769749119622
42.94769749119622
42.94769749119622
42.94769749119622
42.94769749119622
42.94769749119622
42.94769749119622
34.78359355604521
34.78359355604521
34.78359355604521
34.78359355604521
34.78359355604521
34.78359355604521
34.78359355604521
34.78359355604521
34.78359355604521
34.78359355604521
44.01076454186195
44.01076454186195
44.01076454186195
44.01076454186195
44.01076454186195
44.01076454186195
44.01076454186195
44.01076454186195
44.01076454186195
44.01076454186195
43.197441131677884
43.197441131677884
43.197441131677884
43.197441131677884
43.197441131677884
43.197441131677884
43.197441131677884
43.197441131677884
43.197441131677884
43.197441131677884
33.957708246657184
33.957708246657184
33.957708246657184
33.957708246657184
33.957708246657184
33.957708246657184
33.957708246657184
33.957708246657184
33.957708246657184
33.957708246657184
40.71344988499976
40.71344988499976
40.71344988499976
40.71344988499976
40.71344988499976
40.71344988499976
40.71344988499976
40.71344988499976
40.71344988499976
40.71344988499976
32.246449806296795
32.246449806296795
32.246449806296795
32.246449806296795
32.246449806296795
32.246449806296795
32.246449806296795
32.246449806296795
32.246449806296795
32.246449806296795
35.819379991221155
35.819379991221155
35.819379991221155
35.819379991221155
35.819379991221155
35.819379991221155
35.819379991221155
35.819379991221155
35.819379991221155
35.819379991221155
30.695684068496522
30.695684068496522
30.695684068496522
30.695684068496522
30.695684068496522
30.695684068496522
30.695684068496522
30.695684068496522
30.695684068496522
30.695684068496522
46.19075529972116
46.19075529972116
46.19075529972116
46.19075529972116
46.19075529972116
46.19075529972116
46.19075529972116
46.19075529972116
46.19075529972116
46.19075529972116
26.287425583223598
26.287425583223598
26.287425583223598
26.287425583223598
26.287425583223598
26.287425583223598
26.287425583223598
26.287425583223598
26.287425583223598
26.287425583223598
31.852653544946005
31.852653544946005
31.852653544946005
31.852653544946005
31.852653544946005
31.852653544946005
31.852653544946005
31.852653544946005
31.852653544946005
31.852653544946005
39.34259720025077
39.34259720025077
39.34259720025077
39.34259720025077
39.34259720025077
39.34259720025077
39.34259720025077
39.34259720025077
39.34259720025077
39.34259720025077
42.82424433487513
42.82424433487513
42.82424433487513
42.82424433487513
42.82424433487513
42.82424433487513
42.82424433487513
42.82424433487513
42.82424433487513
42.82424433487513
40.70210152216847
40.70210152216847
40.70210152216847
40.70210152216847
40.70210152216847
40.70210152216847
40.70210152216847
40.70210152216847
40.70210152216847
40.70210152216847
17.917673128163717
17.917673128163717
17.917673128163717
17.917673128163717
17.917673128163717
17.917673128163717
17.917673128163717
17.917673128163717
17.917673128163717
17.917673128163717
41.76589826969612
41.76589826969612
41.76589826969612
41.76589826969612
41.76589826969612
41.76589826969612
41.76589826969612
41.76589826969612
41.76589826969612
41.76589826969612
40.604666589226376
40.604666589226376
40.604666589226376
40.604666589226376
40.604666589226376
40.604666589226376
40.604666589226376
40.604666589226376
40.604666589226376
40.604666589226376
39.63844926422373
39.63844926422373
39.63844926422373
39.63844926422373
39.63844926422373
39.63844926422373
39.63844926422373
39.63844926422373
39.63844926422373
39.63844926422373
37.76093942175064
37.76093942175064
37.76093942175064
37.76093942175064
37.76093942175064
37.76093942175064
37.76093942175064
37.76093942175064
37.76093942175064
37.76093942175064
35.08590128629637
35.08590128629637
35.08590128629637
35.08590128629637
35.08590128629637
35.08590128629637
35.08590128629637
35.08590128629637
35.08590128629637
35.08590128629637
43.14563812928032
43.14563812928032
43.14563812928032
43.14563812928032
43.14563812928032
43.14563812928032
43.14563812928032
43.14563812928032
43.14563812928032
43.14563812928032
28.711020242124075
28.711020242124075
28.711020242124075
28.711020242124075
28.711020242124075
28.711020242124075
28.711020242124075
28.711020242124075
28.711020242124075
28.711020242124075
33.841948172835565
33.841948172835565
33.841948172835565
33.841948172835565
33.841948172835565
33.841948172835565
33.841948172835565
33.841948172835565
33.841948172835565
33.841948172835565
37.12783953780279
37.12783953780279
37.12783953780279
37.12783953780279
37.12783953780279
37.12783953780279
37.12783953780279
37.12783953780279
37.12783953780279
37.12783953780279
41.36620503992392
41.36620503992392
41.36620503992392
41.36620503992392
41.36620503992392
41.36620503992392
41.36620503992392
41.36620503992392
41.36620503992392
41.36620503992392
36.73146431996113
36.73146431996113
36.73146431996113
36.73146431996113
36.73146431996113
36.73146431996113
36.73146431996113
36.73146431996113
36.73146431996113
36.73146431996113
44.956378341167515
44.956378341167515
44.956378341167515
44.956378341167515
44.956378341167515
44.956378341167515
44.956378341167515
44.956378341167515
44.956378341167515
44.956378341167515
38.77579284505643
38.77579284505643
38.77579284505643
38.77579284505643
38.77579284505643
38.77579284505643
38.77579284505643
38.77579284505643
38.77579284505643
38.77579284505643
46.50910542005304
46.50910542005304
46.50910542005304
46.50910542005304
46.50910542005304
46.50910542005304
46.50910542005304
46.50910542005304
46.50910542005304
46.50910542005304
33.316759909596
33.316759909596
33.316759909596
33.316759909596
33.316759909596
33.316759909596
33.316759909596
33.316759909596
33.316759909596
33.316759909596
43.95019086275892
43.95019086275892
43.95019086275892
43.95019086275892
43.95019086275892
43.95019086275892
43.95019086275892
43.95019086275892
43.95019086275892
43.95019086275892
43.885218857176845
43.885218857176845
43.885218857176845
43.885218857176845
43.885218857176845
43.885218857176845
43.885218857176845
43.885218857176845
43.885218857176845
43.885218857176845
40.19062772033528
40.19062772033528
40.19062772033528
40.19062772033528
40.19062772033528
40.19062772033528
40.19062772033528
40.19062772033528
40.19062772033528
40.19062772033528
40.04289904563402
40.04289904563402
40.04289904563402
40.04289904563402
40.04289904563402
40.04289904563402
40.04289904563402
40.04289904563402
40.04289904563402
40.04289904563402
41.766520811427114
41.766520811427114
41.766520811427114
41.766520811427114
41.766520811427114
41.766520811427114
41.766520811427114
41.766520811427114
41.766520811427114
41.766520811427114
41.123874918355675
41.123874918355675
41.123874918355675
41.123874918355675
41.123874918355675
41.123874918355675
41.123874918355675
41.123874918355675
41.123874918355675
41.123874918355675
44.37503679924597
44.37503679924597
44.37503679924597
44.37503679924597
44.37503679924597
44.37503679924597
44.37503679924597
44.37503679924597
44.37503679924597
44.37503679924597
33.13278988621763
33.13278988621763
33.13278988621763
33.13278988621763
33.13278988621763
33.13278988621763
33.13278988621763
33.13278988621763
33.13278988621763
33.13278988621763
29.653530814433243
29.653530814433243
29.653530814433243
29.653530814433243
29.653530814433243
29.653530814433243
29.653530814433243
29.653530814433243
29.653530814433243
29.653530814433243
42.76263715546126
42.76263715546126
42.76263715546126
42.76263715546126
42.76263715546126
42.76263715546126
42.76263715546126
42.76263715546126
42.76263715546126
42.76263715546126
35.74857829768396
35.74857829768396
35.74857829768396
35.74857829768396
35.74857829768396
35.74857829768396
35.74857829768396
35.74857829768396
35.74857829768396
35.74857829768396
44.281023267154275
44.281023267154275
44.281023267154275
44.281023267154275
44.281023267154275
44.281023267154275
44.281023267154275
44.281023267154275
44.281023267154275
44.281023267154275
40.62770141763113
40.62770141763113
40.62770141763113
40.62770141763113
40.62770141763113
40.62770141763113
40.62770141763113
40.62770141763113
40.62770141763113
40.62770141763113
39.93655882645334
39.93655882645334
39.93655882645334
39.93655882645334
39.93655882645334
39.93655882645334
39.93655882645334
39.93655882645334
39.93655882645334
39.93655882645334
34.52341074614144
34.52341074614144
34.52341074614144
34.52341074614144
34.52341074614144
34.52341074614144
34.52341074614144
34.52341074614144
34.52341074614144
34.52341074614144
55.97579630563805
55.97579630563805
55.97579630563805
55.97579630563805
55.97579630563805
55.97579630563805
55.97579630563805
55.97579630563805
55.97579630563805
55.97579630563805
37.44986022175286
37.44986022175286
37.44986022175286
37.44986022175286
37.44986022175286
37.44986022175286
37.44986022175286
37.44986022175286
37.44986022175286
37.44986022175286
41.29344718738214
41.29344718738214
41.29344718738214
41.29344718738214
41.29344718738214
41.29344718738214
41.29344718738214
41.29344718738214
41.29344718738214
41.29344718738214
40.74782290295157
40.74782290295157
40.74782290295157
40.74782290295157
40.74782290295157
40.74782290295157
40.74782290295157
40.74782290295157
40.74782290295157
40.74782290295157
38.43025653107983
38.43025653107983
38.43025653107983
38.43025653107983
38.43025653107983
38.43025653107983
38.43025653107983
38.43025653107983
38.43025653107983
38.43025653107983
40.61336144394828
40.61336144394828
40.61336144394828
40.61336144394828
40.61336144394828
40.61336144394828
40.61336144394828
40.61336144394828
40.61336144394828
40.61336144394828
37.01247119625703
37.01247119625703
37.01247119625703
37.01247119625703
37.01247119625703
37.01247119625703
37.01247119625703
37.01247119625703
37.01247119625703
37.01247119625703
37.2036382990211
37.2036382990211
37.2036382990211
37.2036382990211
37.2036382990211
37.2036382990211
37.2036382990211
37.2036382990211
37.2036382990211
37.2036382990211
42.23491197907495
42.23491197907495
42.23491197907495
42.23491197907495
42.23491197907495
42.23491197907495
42.23491197907495
42.23491197907495
42.23491197907495
42.23491197907495
46.89956328685473
46.89956328685473
46.89956328685473
46.89956328685473
46.89956328685473
46.89956328685473
46.89956328685473
46.89956328685473
46.89956328685473
46.89956328685473
42.672833612867876
42.672833612867876
42.672833612867876
42.672833612867876
42.672833612867876
42.672833612867876
42.672833612867876
42.672833612867876
42.672833612867876
42.672833612867876
36.96613953042338
36.96613953042338
36.96613953042338
36.96613953042338
36.96613953042338
36.96613953042338
36.96613953042338
36.96613953042338
36.96613953042338
36.96613953042338
45.40215208802984
45.40215208802984
45.40215208802984
45.40215208802984
45.40215208802984
45.40215208802984
45.40215208802984
45.40215208802984
45.40215208802984
45.40215208802984
45.10773080933195
45.10773080933195
45.10773080933195
45.10773080933195
45.10773080933195
45.10773080933195
45.10773080933195
45.10773080933195
45.10773080933195
45.10773080933195
55.74793002943626
55.74793002943626
55.74793002943626
55.74793002943626
55.74793002943626
55.74793002943626
55.74793002943626
55.74793002943626
55.74793002943626
55.74793002943626
69.6080508114721
69.6080508114721
69.6080508114721
69.6080508114721
69.6080508114721
69.6080508114721
69.6080508114721
69.6080508114721
69.6080508114721
69.6080508114721
39.10977027196542
39.10977027196542
39.10977027196542
39.10977027196542
39.10977027196542
39.10977027196542
39.10977027196542
39.10977027196542
39.10977027196542
39.10977027196542
53.04983967185965
53.04983967185965
53.04983967185965
53.04983967185965
53.04983967185965
53.04983967185965
53.04983967185965
53.04983967185965
53.04983967185965
53.04983967185965
44.63987008944063
44.63987008944063
44.63987008944063
44.63987008944063
44.63987008944063
44.63987008944063
44.63987008944063
44.63987008944063
44.63987008944063
44.63987008944063
65.79917873130586
65.79917873130586
65.79917873130586
65.79917873130586
65.79917873130586
65.79917873130586
65.79917873130586
65.79917873130586
65.79917873130586
65.79917873130586
44.820595475886876
44.820595475886876
44.820595475886876
44.820595475886876
44.820595475886876
44.820595475886876
44.820595475886876
44.820595475886876
44.820595475886876
44.820595475886876
47.91926244512261
47.91926244512261
47.91926244512261
47.91926244512261
47.91926244512261
47.91926244512261
47.91926244512261
47.91926244512261
47.91926244512261
47.91926244512261
22.865083461886112
22.865083461886112
22.865083461886112
22.865083461886112
22.865083461886112
22.865083461886112
22.865083461886112
22.865083461886112
22.865083461886112
22.865083461886112
50.92084811914621
50.92084811914621
50.92084811914621
50.92084811914621
50.92084811914621
50.92084811914621
50.92084811914621
50.92084811914621
50.92084811914621
50.92084811914621
35.673868227957314
35.673868227957314
35.673868227957314
35.673868227957314
35.673868227957314
35.673868227957314
35.673868227957314
35.673868227957314
35.673868227957314
35.673868227957314
47.24979734826889
47.24979734826889
47.24979734826889
47.24979734826889
47.24979734826889
47.24979734826889
47.24979734826889
47.24979734826889
47.24979734826889
47.24979734826889
41.148175320176996
41.148175320176996
41.148175320176996
41.148175320176996
41.148175320176996
41.148175320176996
41.148175320176996
41.148175320176996
41.148175320176996
41.148175320176996
40.34097202030913
40.34097202030913
40.34097202030913
40.34097202030913
40.34097202030913
40.34097202030913
40.34097202030913
40.34097202030913
40.34097202030913
40.34097202030913
23.03740263979721
23.03740263979721
23.03740263979721
23.03740263979721
23.03740263979721
23.03740263979721
23.03740263979721
23.03740263979721
23.03740263979721
23.03740263979721
38.50596892191512
38.50596892191512
38.50596892191512
38.50596892191512
38.50596892191512
38.50596892191512
38.50596892191512
38.50596892191512
38.50596892191512
38.50596892191512
78.66997029630292
78.66997029630292
78.66997029630292
78.66997029630292
78.66997029630292
78.66997029630292
78.66997029630292
78.66997029630292
78.66997029630292
78.66997029630292
77.175516589031
77.175516589031
77.175516589031
77.175516589031
77.175516589031
77.175516589031
77.175516589031
77.175516589031
77.175516589031
77.175516589031
205.47174678014918
205.47174678014918
205.47174678014918
205.47174678014918
205.47174678014918
205.47174678014918
205.47174678014918
205.47174678014918
205.47174678014918
205.47174678014918
244.5644307861255
244.5644307861255
244.5644307861255
244.5644307861255
244.5644307861255
244.5644307861255
244.5644307861255
244.5644307861255
244.5644307861255
244.5644307861255
287.0568391441677
287.0568391441677
287.0568391441677
287.0568391441677
287.0568391441677
287.0568391441677
287.0568391441677
287.0568391441677
287.0568391441677
287.0568391441677
271.1281383777438
271.1281383777438
271.1281383777438
271.1281383777438
271.1281383777438
271.1281383777438
271.1281383777438
271.1281383777438
271.1281383777438
271.1281383777438
272.66021813412885
272.66021813412885
272.66021813412885
272.66021813412885
272.66021813412885
272.66021813412885
272.66021813412885
272.66021813412885
272.66021813412885
272.66021813412885
279.3976264579997
279.3976264579997
279.3976264579997
279.3976264579997
279.3976264579997
279.3976264579997
279.3976264579997
279.3976264579997
279.3976264579997
279.3976264579997
260.0672970255423
260.0672970255423
260.0672970255423
260.0672970255423
260.0672970255423
260.0672970255423
260.0672970255423
260.0672970255423
260.0672970255423
260.0672970255423
313.5711913199819
313.5711913199819
313.5711913199819
313.5711913199819
313.5711913199819
313.5711913199819
313.5711913199819
313.5711913199819
313.5711913199819
313.5711913199819
303.572725892543
303.572725892543
303.572725892543
303.572725892543
303.572725892543
303.572725892543
303.572725892543
303.572725892543
303.572725892543
303.572725892543
279.877782220967
279.877782220967
279.877782220967
279.877782220967
279.877782220967
279.877782220967
279.877782220967
279.877782220967
279.877782220967
279.877782220967
238.13961013633354
238.13961013633354
238.13961013633354
238.13961013633354
238.13961013633354
238.13961013633354
238.13961013633354
238.13961013633354
238.13961013633354
238.13961013633354
264.44940684942424
264.44940684942424
264.44940684942424
264.44940684942424
264.44940684942424
264.44940684942424
264.44940684942424
264.44940684942424
264.44940684942424
264.44940684942424
250.92112809258305
250.92112809258305
250.92112809258305
250.92112809258305
250.92112809258305
250.92112809258305
250.92112809258305
250.92112809258305
250.92112809258305
250.92112809258305
287.46430646233813
287.46430646233813
287.46430646233813
287.46430646233813
287.46430646233813
287.46430646233813
287.46430646233813
287.46430646233813
287.46430646233813
287.46430646233813
306.600575613626
306.600575613626
306.600575613626
306.600575613626
306.600575613626
306.600575613626
306.600575613626
306.600575613626
306.600575613626
306.600575613626
227.2220459138606
227.2220459138606
227.2220459138606
227.2220459138606
227.2220459138606
227.2220459138606
227.2220459138606
227.2220459138606
227.2220459138606
227.2220459138606
293.2323680897897
293.2323680897897
293.2323680897897
293.2323680897897
293.2323680897897
293.2323680897897
293.2323680897897
293.2323680897897
293.2323680897897
293.2323680897897
271.39878623358123
271.39878623358123
271.39878623358123
271.39878623358123
271.39878623358123
271.39878623358123
271.39878623358123
271.39878623358123
271.39878623358123
271.39878623358123
274.45806262404454
274.45806262404454
274.45806262404454
274.45806262404454
274.45806262404454
274.45806262404454
274.45806262404454
274.45806262404454
274.45806262404454
274.45806262404454
254.54065221331675
254.54065221331675
254.54065221331675
254.54065221331675
254.54065221331675
254.54065221331675
254.54065221331675
254.54065221331675
254.54065221331675
254.54065221331675
243.21749821385407
243.21749821385407
243.21749821385407
243.21749821385407
243.21749821385407
243.21749821385407
243.21749821385407
243.21749821385407
243.21749821385407
243.21749821385407
274.83171037066234
274.83171037066234
274.83171037066234
274.83171037066234
274.83171037066234
274.83171037066234
274.83171037066234
274.83171037066234
274.83171037066234
274.83171037066234
309.99330917452903
309.99330917452903
309.99330917452903
309.99330917452903
309.99330917452903
309.99330917452903
309.99330917452903
309.99330917452903
309.99330917452903
309.99330917452903
269.38417239170803
269.38417239170803
269.38417239170803
269.38417239170803
269.38417239170803
269.38417239170803
269.38417239170803
269.38417239170803
269.38417239170803
269.38417239170803
199.57099012405345
199.57099012405345
199.57099012405345
199.57099012405345
199.57099012405345
199.57099012405345
199.57099012405345
199.57099012405345
199.57099012405345
199.57099012405345
313.64430928914595
313.64430928914595
313.64430928914595
313.64430928914595
313.64430928914595
313.64430928914595
313.64430928914595
313.64430928914595
313.64430928914595
313.64430928914595
305.2241479738016
305.2241479738016
305.2241479738016
305.2241479738016
305.2241479738016
305.2241479738016
305.2241479738016
305.2241479738016
305.2241479738016
305.2241479738016
316.26231211439244
316.26231211439244
316.26231211439244
316.26231211439244
316.26231211439244
316.26231211439244
316.26231211439244
316.26231211439244
316.26231211439244
316.26231211439244
308.4593603337338
308.4593603337338
308.4593603337338
308.4593603337338
308.4593603337338
308.4593603337338
308.4593603337338
308.4593603337338
308.4593603337338
308.4593603337338
296.6033006954896
296.6033006954896
296.6033006954896
296.6033006954896
296.6033006954896
296.6033006954896
296.6033006954896
296.6033006954896
296.6033006954896
296.6033006954896
274.6367392795459
274.6367392795459
274.6367392795459
274.6367392795459
274.6367392795459
274.6367392795459
274.6367392795459
274.6367392795459
274.6367392795459
274.6367392795459
229.98935335827647
229.98935335827647
229.98935335827647
229.98935335827647
229.98935335827647
229.98935335827647
229.98935335827647
229.98935335827647
229.98935335827647
229.98935335827647
298.0655709164782
298.0655709164782
298.0655709164782
298.0655709164782
298.0655709164782
298.0655709164782
298.0655709164782
298.0655709164782
298.0655709164782
298.0655709164782
294.8030457092797
294.8030457092797
294.8030457092797
294.8030457092797
294.8030457092797
294.8030457092797
294.8030457092797
294.8030457092797
294.8030457092797
294.8030457092797
307.9236655050795
307.9236655050795
307.9236655050795
307.9236655050795
307.9236655050795
307.9236655050795
307.9236655050795
307.9236655050795
307.9236655050795
307.9236655050795
331.91030166067253
331.91030166067253
331.91030166067253
331.91030166067253
331.91030166067253
331.91030166067253
331.91030166067253
331.91030166067253
331.91030166067253
331.91030166067253
318.16603623307606
318.16603623307606
318.16603623307606
318.16603623307606
318.16603623307606
318.16603623307606
318.16603623307606
318.16603623307606
318.16603623307606
318.16603623307606
339.878062914593
339.878062914593
339.878062914593
339.878062914593
339.878062914593
339.878062914593
339.878062914593
339.878062914593
339.878062914593
339.878062914593
293.367872013534
293.367872013534
293.367872013534
293.367872013534
293.367872013534
293.367872013534
293.367872013534
293.367872013534
293.367872013534
293.367872013534
277.4620731972733
277.4620731972733
277.4620731972733
277.4620731972733
277.4620731972733
277.4620731972733
277.4620731972733
277.4620731972733
277.4620731972733
277.4620731972733
322.8830758308819
322.8830758308819
322.8830758308819
322.8830758308819
322.8830758308819
322.8830758308819
322.8830758308819
322.8830758308819
322.8830758308819
322.8830758308819
304.79716640916
304.79716640916
304.79716640916
304.79716640916
304.79716640916
304.79716640916
304.79716640916
304.79716640916
304.79716640916
304.79716640916
337.01086274530974
337.01086274530974
337.01086274530974
337.01086274530974
337.01086274530974
337.01086274530974
337.01086274530974
337.01086274530974
337.01086274530974
337.01086274530974
325.88435461275577
325.88435461275577
325.88435461275577
325.88435461275577
325.88435461275577
325.88435461275577
325.88435461275577
325.88435461275577
325.88435461275577
325.88435461275577
325.96628921348724
325.96628921348724
325.96628921348724
325.96628921348724
325.96628921348724
325.96628921348724
325.96628921348724
325.96628921348724
325.96628921348724
325.96628921348724
289.9662903688218
289.9662903688218
289.9662903688218
289.9662903688218
289.9662903688218
289.9662903688218
289.9662903688218
289.9662903688218
289.9662903688218
289.9662903688218
327.7879638342239
327.7879638342239
327.7879638342239
327.7879638342239
327.7879638342239
327.7879638342239
327.7879638342239
327.7879638342239
327.7879638342239
327.7879638342239
316.50662038839437
316.50662038839437
316.50662038839437
316.50662038839437
316.50662038839437
316.50662038839437
316.50662038839437
316.50662038839437
316.50662038839437
316.50662038839437
323.8441544312523
323.8441544312523
323.8441544312523
323.8441544312523
323.8441544312523
323.8441544312523
323.8441544312523
323.8441544312523
323.8441544312523
323.8441544312523
285.53716541798127
285.53716541798127
285.53716541798127
285.53716541798127
285.53716541798127
285.53716541798127
285.53716541798127
285.53716541798127
285.53716541798127
285.53716541798127
320.39945389367097
320.39945389367097
320.39945389367097
320.39945389367097
320.39945389367097
320.39945389367097
320.39945389367097
320.39945389367097
320.39945389367097
320.39945389367097
331.80964323785713
331.80964323785713
331.80964323785713
331.80964323785713
331.80964323785713
331.80964323785713
331.80964323785713
331.80964323785713
331.80964323785713
331.80964323785713
297.94034283045244
297.94034283045244
297.94034283045244
297.94034283045244
297.94034283045244
297.94034283045244
297.94034283045244
297.94034283045244
297.94034283045244
297.94034283045244
321.91355783323024
321.91355783323024
321.91355783323024
321.91355783323024
321.91355783323024
321.91355783323024
321.91355783323024
321.91355783323024
321.91355783323024
321.91355783323024
339.4880366413537
339.4880366413537
339.4880366413537
339.4880366413537
339.4880366413537
339.4880366413537
339.4880366413537
339.4880366413537
339.4880366413537
339.4880366413537
314.2431849374006
314.2431849374006
314.2431849374006
314.2431849374006
314.2431849374006
314.2431849374006
314.2431849374006
314.2431849374006
314.2431849374006
314.2431849374006
330.99135436389747
330.99135436389747
330.99135436389747
330.99135436389747
330.99135436389747
330.99135436389747
330.99135436389747
330.99135436389747
330.99135436389747
330.99135436389747
309.33988793497565
309.33988793497565
309.33988793497565
309.33988793497565
309.33988793497565
309.33988793497565
309.33988793497565
309.33988793497565
309.33988793497565
309.33988793497565
310.9996981762744
310.9996981762744
310.9996981762744
310.9996981762744
310.9996981762744
310.9996981762744
310.9996981762744
310.9996981762744
310.9996981762744
310.9996981762744
308.762475176269
308.762475176269
308.762475176269
308.762475176269
308.762475176269
308.762475176269
308.762475176269
308.762475176269
308.762475176269
308.762475176269
311.9644637792127
311.9644637792127
311.9644637792127
311.9644637792127
311.9644637792127
311.9644637792127
311.9644637792127
311.9644637792127
311.9644637792127
311.9644637792127
319.6005112546955
319.6005112546955
319.6005112546955
319.6005112546955
319.6005112546955
319.6005112546955
319.6005112546955
319.6005112546955
319.6005112546955
319.6005112546955
324.6451680205037
324.6451680205037
324.6451680205037
324.6451680205037
324.6451680205037
324.6451680205037
324.6451680205037
324.6451680205037
324.6451680205037
324.6451680205037
324.1698689685042
324.1698689685042
324.1698689685042
324.1698689685042
324.1698689685042
324.1698689685042
324.1698689685042
324.1698689685042
324.1698689685042
324.1698689685042
320.6682587240576
320.6682587240576
320.6682587240576
320.6682587240576
320.6682587240576
320.6682587240576
320.6682587240576
320.6682587240576
320.6682587240576
320.6682587240576
326.2691786869391
326.2691786869391
326.2691786869391
326.2691786869391
326.2691786869391
326.2691786869391
326.2691786869391
326.2691786869391
326.2691786869391
326.2691786869391
325.8122679949157
325.8122679949157
325.8122679949157
325.8122679949157
325.8122679949157
325.8122679949157
325.8122679949157
325.8122679949157
325.8122679949157
325.8122679949157
340.95064180601366
340.95064180601366
340.95064180601366
340.95064180601366
340.95064180601366
340.95064180601366
340.95064180601366
340.95064180601366
340.95064180601366
340.95064180601366
317.67941753287795
317.67941753287795
317.67941753287795
317.67941753287795
317.67941753287795
317.67941753287795
317.67941753287795
317.67941753287795
317.67941753287795
317.67941753287795
328.16726433089354
328.16726433089354
328.16726433089354
328.16726433089354
328.16726433089354
328.16726433089354
328.16726433089354
328.16726433089354
328.16726433089354
328.16726433089354
313.8555740874783
313.8555740874783
313.8555740874783
313.8555740874783
313.8555740874783
313.8555740874783
313.8555740874783
313.8555740874783
313.8555740874783
313.8555740874783
326.6516355363569
326.6516355363569
326.6516355363569
326.6516355363569
326.6516355363569
326.6516355363569
326.6516355363569
326.6516355363569
326.6516355363569
326.6516355363569
322.3104658863128
322.3104658863128
322.3104658863128
322.3104658863128
322.3104658863128
322.3104658863128
322.3104658863128
322.3104658863128
322.3104658863128
322.3104658863128
326.48196541075276
326.48196541075276
326.48196541075276
326.48196541075276
326.48196541075276
326.48196541075276
326.48196541075276
326.48196541075276
326.48196541075276
326.48196541075276
324.98143950291274
324.98143950291274
324.98143950291274
324.98143950291274
324.98143950291274
324.98143950291274
324.98143950291274
324.98143950291274
324.98143950291274
324.98143950291274
322.99540426597736
322.99540426597736
322.99540426597736
322.99540426597736
322.99540426597736
322.99540426597736
322.99540426597736
322.99540426597736
322.99540426597736
322.99540426597736
320.14128332301806
320.14128332301806
320.14128332301806
320.14128332301806
320.14128332301806
320.14128332301806
320.14128332301806
320.14128332301806
320.14128332301806
320.14128332301806
346.9552852966092
346.9552852966092
346.9552852966092
346.9552852966092
346.9552852966092
346.9552852966092
346.9552852966092
346.9552852966092
346.9552852966092
346.9552852966092
320.55524624362346
320.55524624362346
320.55524624362346
320.55524624362346
320.55524624362346
320.55524624362346
320.55524624362346
320.55524624362346
320.55524624362346
320.55524624362346
329.2049312714907
329.2049312714907
329.2049312714907
329.2049312714907
329.2049312714907
329.2049312714907
329.2049312714907
329.2049312714907
329.2049312714907
329.2049312714907
326.54744167282104
326.54744167282104
326.54744167282104
326.54744167282104
326.54744167282104
326.54744167282104
326.54744167282104
326.54744167282104
326.54744167282104
326.54744167282104
323.29846323995315
323.29846323995315
323.29846323995315
323.29846323995315
323.29846323995315
323.29846323995315
323.29846323995315
323.29846323995315
323.29846323995315
323.29846323995315
338.6624392986779
338.6624392986779
338.6624392986779
338.6624392986779
338.6624392986779
338.6624392986779
338.6624392986779
338.6624392986779
338.6624392986779
338.6624392986779
314.1297650934631
314.1297650934631
314.1297650934631
314.1297650934631
314.1297650934631
314.1297650934631
314.1297650934631
314.1297650934631
314.1297650934631
314.1297650934631
328.3577176019501
328.3577176019501
328.3577176019501
328.3577176019501
328.3577176019501
328.3577176019501
328.3577176019501
328.3577176019501
328.3577176019501
328.3577176019501
335.4815347960794
335.4815347960794
335.4815347960794
335.4815347960794
335.4815347960794
335.4815347960794
335.4815347960794
335.4815347960794
335.4815347960794
335.4815347960794
328.12331485144813
328.12331485144813
328.12331485144813
328.12331485144813
328.12331485144813
328.12331485144813
328.12331485144813
328.12331485144813
328.12331485144813
328.12331485144813
321.06707183301654
321.06707183301654
321.06707183301654
321.06707183301654
321.06707183301654
321.06707183301654
321.06707183301654
321.06707183301654
321.06707183301654
321.06707183301654
312.03748656108235
312.03748656108235
312.03748656108235
312.03748656108235
312.03748656108235
312.03748656108235
312.03748656108235
312.03748656108235
312.03748656108235
312.03748656108235
316.78451257747184
316.78451257747184
316.78451257747184
316.78451257747184
316.78451257747184
316.78451257747184
316.78451257747184
316.78451257747184
316.78451257747184
316.78451257747184
332.86138404039957
332.86138404039957
332.86138404039957
332.86138404039957
332.86138404039957
332.86138404039957
332.86138404039957
332.86138404039957
332.86138404039957
332.86138404039957
318.5419198966888
318.5419198966888
318.5419198966888
318.5419198966888
318.5419198966888
318.5419198966888
318.5419198966888
318.5419198966888
318.5419198966888
318.5419198966888
315.32937348716933
315.32937348716933
315.32937348716933
315.32937348716933
315.32937348716933
315.32937348716933
315.32937348716933
315.32937348716933
315.32937348716933
315.32937348716933
321.8089642770249
321.8089642770249
321.8089642770249
321.8089642770249
321.8089642770249
321.8089642770249
321.8089642770249
321.8089642770249
321.8089642770249
321.8089642770249
293.25053908173527
293.25053908173527
293.25053908173527
293.25053908173527
293.25053908173527
293.25053908173527
293.25053908173527
293.25053908173527
293.25053908173527
293.25053908173527
328.1956979845162
328.1956979845162
328.1956979845162
328.1956979845162
328.1956979845162
328.1956979845162
328.1956979845162
328.1956979845162
328.1956979845162
328.1956979845162
340.36224660444935
340.36224660444935
340.36224660444935
340.36224660444935
340.36224660444935
340.36224660444935
340.36224660444935
340.36224660444935
340.36224660444935
340.36224660444935
329.1729451422458
329.1729451422458
329.1729451422458
329.1729451422458
329.1729451422458
329.1729451422458
329.1729451422458
329.1729451422458
329.1729451422458
329.1729451422458
326.7294286667036
326.7294286667036
326.7294286667036
326.7294286667036
326.7294286667036
326.7294286667036
326.7294286667036
326.7294286667036
326.7294286667036
326.7294286667036
296.6646836120359
296.6646836120359
296.6646836120359
296.6646836120359
296.6646836120359
296.6646836120359
296.6646836120359
296.6646836120359
296.6646836120359
296.6646836120359
332.6226857558735
332.6226857558735
332.6226857558735
332.6226857558735
332.6226857558735
332.6226857558735
332.6226857558735
332.6226857558735
332.6226857558735
332.6226857558735
267.6771218915958
267.6771218915958
267.6771218915958
267.6771218915958
267.6771218915958
267.6771218915958
267.6771218915958
267.6771218915958
267.6771218915958
267.6771218915958
246.84660053577457
246.84660053577457
246.84660053577457
246.84660053577457
246.84660053577457
246.84660053577457
246.84660053577457
246.84660053577457
246.84660053577457
246.84660053577457
284.0211245794407
284.0211245794407
284.0211245794407
284.0211245794407
284.0211245794407
284.0211245794407
284.0211245794407
284.0211245794407
284.0211245794407
284.0211245794407
319.9661347574173
319.9661347574173
319.9661347574173
319.9661347574173
319.9661347574173
319.9661347574173
319.9661347574173
319.9661347574173
319.9661347574173
319.9661347574173
300.2476693859884
300.2476693859884
300.2476693859884
300.2476693859884
300.2476693859884
300.2476693859884
300.2476693859884
300.2476693859884
300.2476693859884
300.2476693859884
338.3774857661839
338.3774857661839
338.3774857661839
338.3774857661839
338.3774857661839
338.3774857661839
338.3774857661839
338.3774857661839
338.3774857661839
338.3774857661839
340.10813210975
340.10813210975
340.10813210975
340.10813210975
340.10813210975
340.10813210975
340.10813210975
340.10813210975
340.10813210975
340.10813210975
314.4889567870344
314.4889567870344
314.4889567870344
314.4889567870344
314.4889567870344
314.4889567870344
314.4889567870344
314.4889567870344
314.4889567870344
314.4889567870344
329.65432785216916
329.65432785216916
329.65432785216916
329.65432785216916
329.65432785216916
329.65432785216916
329.65432785216916
329.65432785216916
329.65432785216916
329.65432785216916
305.08215341736314
305.08215341736314
305.08215341736314
305.08215341736314
305.08215341736314
305.08215341736314
305.08215341736314
305.08215341736314
305.08215341736314
305.08215341736314
339.870078447309
339.870078447309
339.870078447309
339.870078447309
339.870078447309
339.870078447309
339.870078447309
339.870078447309
339.870078447309
339.870078447309
323.26068323137343
323.26068323137343
323.26068323137343
323.26068323137343
323.26068323137343
323.26068323137343
323.26068323137343
323.26068323137343
323.26068323137343
323.26068323137343
317.8603597035802
317.8603597035802
317.8603597035802
317.8603597035802
317.8603597035802
317.8603597035802
317.8603597035802
317.8603597035802
317.8603597035802
317.8603597035802
321.0890799328371
321.0890799328371
321.0890799328371
321.0890799328371
321.0890799328371
321.0890799328371
321.0890799328371
321.0890799328371
321.0890799328371
321.0890799328371
334.42214076447715
334.42214076447715
334.42214076447715
334.42214076447715
334.42214076447715
334.42214076447715
334.42214076447715
334.42214076447715
334.42214076447715
334.42214076447715
340.3146755660099
340.3146755660099
340.3146755660099
340.3146755660099
340.3146755660099
340.3146755660099
340.3146755660099
340.3146755660099
340.3146755660099
340.3146755660099
326.99171544645617
326.99171544645617
326.99171544645617
326.99171544645617
326.99171544645617
326.99171544645617
326.99171544645617
326.99171544645617
326.99171544645617
326.99171544645617
321.21537417919177
321.21537417919177
321.21537417919177
321.21537417919177
321.21537417919177
321.21537417919177
321.21537417919177
321.21537417919177
321.21537417919177
321.21537417919177
339.7855668001127
339.7855668001127
339.7855668001127
339.7855668001127
339.7855668001127
339.7855668001127
339.7855668001127
339.7855668001127
339.7855668001127
339.7855668001127
323.98026207877643
323.98026207877643
323.98026207877643
323.98026207877643
323.98026207877643
323.98026207877643
323.98026207877643
323.98026207877643
323.98026207877643
323.98026207877643
330.5110279949267
330.5110279949267
330.5110279949267
330.5110279949267
330.5110279949267
330.5110279949267
330.5110279949267
330.5110279949267
330.5110279949267
330.5110279949267
324.47492359981453
324.47492359981453
324.47492359981453
324.47492359981453
324.47492359981453
324.47492359981453
324.47492359981453
324.47492359981453
324.47492359981453
324.47492359981453
315.73650168446846
315.73650168446846
315.73650168446846
315.73650168446846
315.73650168446846
315.73650168446846
315.73650168446846
315.73650168446846
315.73650168446846
315.73650168446846
324.2025697875278
324.2025697875278
324.2025697875278
324.2025697875278
324.2025697875278
324.2025697875278
324.2025697875278
324.2025697875278
324.2025697875278
324.2025697875278
340.9742037035948
340.9742037035948
340.9742037035948
340.9742037035948
340.9742037035948
340.9742037035948
340.9742037035948
340.9742037035948
340.9742037035948
340.9742037035948
326.9212782483987
326.9212782483987
326.9212782483987
326.9212782483987
326.9212782483987
326.9212782483987
326.9212782483987
326.9212782483987
326.9212782483987
326.9212782483987
322.20060880723895
322.20060880723895
322.20060880723895
322.20060880723895
322.20060880723895
322.20060880723895
322.20060880723895
322.20060880723895
322.20060880723895
322.20060880723895
334.5589278639671
334.5589278639671
334.5589278639671
334.5589278639671
334.5589278639671
334.5589278639671
334.5589278639671
334.5589278639671
334.5589278639671
334.5589278639671
325.3367522905443
325.3367522905443
325.3367522905443
325.3367522905443
325.3367522905443
325.3367522905443
325.3367522905443
325.3367522905443
325.3367522905443
325.3367522905443
334.63841566571625
334.63841566571625
334.63841566571625
334.63841566571625
334.63841566571625
334.63841566571625
334.63841566571625
334.63841566571625
334.63841566571625
334.63841566571625
345.32452434269163
345.32452434269163
345.32452434269163
345.32452434269163
345.32452434269163
345.32452434269163
345.32452434269163
345.32452434269163
345.32452434269163
345.32452434269163
311.9038757229115
311.9038757229115
311.9038757229115
311.9038757229115
311.9038757229115
311.9038757229115
311.9038757229115
311.9038757229115
311.9038757229115
311.9038757229115
330.6594563379111
330.6594563379111
330.6594563379111
330.6594563379111
330.6594563379111
330.6594563379111
330.6594563379111
330.6594563379111
330.6594563379111
330.6594563379111
323.0424116311408
323.0424116311408
323.0424116311408
323.0424116311408
323.0424116311408
323.0424116311408
323.0424116311408
323.0424116311408
323.0424116311408
323.0424116311408
320.03785272619075
320.03785272619075
320.03785272619075
320.03785272619075
320.03785272619075
320.03785272619075
320.03785272619075
320.03785272619075
320.03785272619075
320.03785272619075
337.6397012085401
337.6397012085401
337.6397012085401
337.6397012085401
337.6397012085401
337.6397012085401
337.6397012085401
337.6397012085401
337.6397012085401
337.6397012085401
294.36129480790527
294.36129480790527
294.36129480790527
294.36129480790527
294.36129480790527
294.36129480790527
294.36129480790527
294.36129480790527
294.36129480790527
294.36129480790527
274.48818852550886
274.48818852550886
274.48818852550886
274.48818852550886
274.48818852550886
274.48818852550886
274.48818852550886
274.48818852550886
274.48818852550886
274.48818852550886
338.9361370391443
338.9361370391443
338.9361370391443
338.9361370391443
338.9361370391443
338.9361370391443
338.9361370391443
338.9361370391443
338.9361370391443
338.9361370391443
333.5593557775531
333.5593557775531
333.5593557775531
333.5593557775531
333.5593557775531
333.5593557775531
333.5593557775531
333.5593557775531
333.5593557775531
333.5593557775531
331.4847080909172
331.4847080909172
331.4847080909172
331.4847080909172
331.4847080909172
331.4847080909172
331.4847080909172
331.4847080909172
331.4847080909172
331.4847080909172
332.4879547521306
332.4879547521306
332.4879547521306
332.4879547521306
332.4879547521306
332.4879547521306
332.4879547521306
332.4879547521306
332.4879547521306
332.4879547521306
338.63776720932924
338.63776720932924
338.63776720932924
338.63776720932924
338.63776720932924
338.63776720932924
338.63776720932924
338.63776720932924
338.63776720932924
338.63776720932924
300.21490285279094
300.21490285279094
300.21490285279094
300.21490285279094
300.21490285279094
300.21490285279094
300.21490285279094
300.21490285279094
300.21490285279094
300.21490285279094
239.09610522675248
239.09610522675248
239.09610522675248
239.09610522675248
239.09610522675248
239.09610522675248
239.09610522675248
239.09610522675248
239.09610522675248
239.09610522675248
313.7048569763267
313.7048569763267
313.7048569763267
313.7048569763267
313.7048569763267
313.7048569763267
313.7048569763267
313.7048569763267
313.7048569763267
313.7048569763267
279.96874814030275